505
13971 19664
18810 8001
14751 17133
19911 13197
11180 11020
16201 5291
12561 1495
15640 10610
13703 13504
10279 16317
15286 5350
12198 7525
13436 14348
17183 6374
10953 10138
13809 1421
16017 8436
12762 2205
17717 8517
19055 7659
15846 7949
11249 11265
15493 8872
10658 8282
12815 19802
13794 15595
15547 15523
10087 19188
18181 9411
11123 9118
15090 5228
14840 3540
19567 15187
16416 13923
15437 3790
19707 2416
13187 92
19596 6846
11706 11968
11802 16582
11417 7936
10077 8446
17500 8978
15452 272
12683 13985
12785 8259
15987 11959
16073 11544
18460 6964
13891 10384
18972 12276
12824 9711
14326 1343
12809 9638
10968 13877
14472 5191
13817 10337
12290 18694
13040 14452
18840 9629
16513 19024
16193 4836
19389 4220
15177 3012
13033 17924
12050 18756
15884 6746
19734 13508
11149 18605
12194 11386
17253 46
16882 4403
18347 10010
16779 10929
11581 4769
14189 1632
16160 6479
16213 5413
10207 10376
13155 1144
11816 3472
10076 11769
10055 482
13998 10983
15061 16817
14204 941
14494 21
19429 2175
14869 15562
13759 2011
17050 5836
17529 1283
17289 19096
13438 7621
19691 10800
17734 6157
14802 2988
11393 10072
10291 17221
11423 19164
11042 440
15079 16095
12482 2462
16704 4901
14734 17324
16176 16928
12436 5912
11586 8099
13038 10974
12808 14311
19195 9732
16762 7967
11699 10195
10962 10759
17257 13554
10225 14225
15666 2543
18536 4454
11175 1463
14693 8559
18770 15328
13033 6798
18235 5247
10262 11269
11275 18530
11752 10927
16236 18892
11560 17325
10655 3195
17288 9866
14551 9328
10060 11059
10835 13104
18902 463
19567 477
19927 12709
11749 16757
13821 5567
10786 1923
13005 9910
15209 5917
15138 1670
19104 19819
13576 14331
12581 1835
12445 6762
17445 7553
10283 13050
11820 1418
13534 18235
12348 5902
15534 13426
12215 14779
19797 12360
17695 10861
17211 4872
18955 13638
14562 2527
18236 12199
13630 18078
18549 2268
11530 8483
10844 4680
17661 6887
15138 3195
18047 18779
15530 11683
15042 1513
19690 13681
19375 9053
18140 4795
15141 19738
15099 4786
12172 5214
17529 3648
10576 19281
14461 15024
16740 15297
15841 19527
19427 6504
14191 5137
11672 2072
14626 18541
16209 7636
19801 11199
15994 2474
12395 14462
14990 9170
10508 12754
13030 8960
12944 9980
14304 10424
11439 5801
15310 16875
18078 14992
15125 11976
12545 18739
16597 3363
17468 9965
18633 13211
15092 8265
12659 11838
15492 6264
15073 18510
17310 13430
10890 6090
14642 4531
18547 5054
16564 2677
19767 10974
15217 6375
14227 6087
13186 17614
13778 3088
17951 14523
16720 9576
13606 1483
14644 14340
19903 9793
15447 14152
19495 12444
16248 954
14550 10815
13786 15723
19497 11599
18526 3436
17483 1665
14610 2466
10880 2228
14747 13203
14789 16696
12417 14460
10055 19546
18123 12299
10780 19552
17576 2798
16730 1562
18888 6534
14928 15011
15063 4164
16938 3890
18640 5458
16798 5297
16190 3093
12118 17335
10169 560
11839 14553
12648 10770
13426 248
10506 131
17661 13021
11389 6039
12054 3790
15928 14332
11231 12556
14606 1280
14789 16100
15691 16505
10399 9272
16831 10856
10320 11772
12612 4067
19111 16325
10019 2136
17130 4274
13579 4739
16623 18605
18343 1188
18629 3739
15767 3766
13260 7072
11942 4300
16366 13166
14261 1497
16464 17953
14507 1553
12413 3924
14219 5452
10895 9984
19462 4822
19518 18860
16208 9902
13565 2516
16589 17625
18358 8461
14701 7004
18744 8440
12798 16069
17316 4551
10642 18582
17093 16166
15106 16131
10627 2007
16976 9502
13067 5551
17798 4603
16944 18737
17245 719
19580 12197
17729 7899
15180 12164
17329 12717
12263 19521
18020 10813
10185 13962
12965 7725
18589 3711
19662 12731
11553 12623
19566 13236
15159 13122
19159 3578
15551 11869
12086 18215
11614 174
11054 11329
19711 15650
12189 5838
19040 9968
12861 9191
10951 2857
15040 12892
16425 8572
15517 5414
15755 1959
11254 14625
12417 17285
16506 10706
15522 18752
11400 14796
11949 10219
15441 16042
14722 8069
16933 12345
17618 5044
15212 4309
15766 18890
17047 16835
14309 17024
18421 18484
11881 15104
14167 2702
11589 7279
12128 15464
14071 5278
14345 14746
11694 11616
17182 17936
12650 3298
14546 12740
14869 14854
17759 2635
15605 8433
12321 1911
13754 12544
14345 5276
10957 721
16074 15143
11264 17522
14127 3600
10190 1973
17121 5970
15569 10666
15156 12043
12928 11118
19362 4891
14046 18345
17929 19109
14809 14095
12250 6258
14012 1427
15482 13132
18401 1364
14624 5665
13122 4914
19348 2051
18440 10675
14682 5495
13616 16501
14821 11781
16771 1993
17010 10427
13413 13273
19228 3893
11126 5085
10254 2375
15327 13161
12679 8812
17776 3160
16884 4006
14392 11231
16369 13090
17943 6842
17971 16744
18517 19187
12306 11471
13751 7710
19800 1707
13363 5299
15915 12566
15287 19793
17289 9247
10071 7908
17149 2000
17253 7647
19698 16413
17980 12480
15920 4683
13851 6345
15214 17959
19673 18366
19225 14536
11798 13629
15424 6783
19901 2598
10476 2374
18739 5509
16855 8960
19176 6055
13035 4592
17388 4113
14445 4613
14396 729
13787 4507
17479 18032
12417 4223
10669 7328
17899 10105
18825 6007
17591 3328
14796 12290
17182 11567
19697 2841
19274 11351
19911 1095
17822 14474
17467 821
15417 3803
19931 3118
14585 1982
14097 14065
15402 4971
13159 18540
11267 19398
12798 2152
10940 12204
12457 894
13562 15997
11788 6407
10419 7449
19004 7951
19449 10649
10621 13942
19775 15463
15549 11443
10107 17300
10753 11336
13063 5958
12516 14297
19507 8147
14013 6763
19887 15471
10688 442
12542 12252
18062 17268
12243 7064
16635 15512
10596 14964
11242 12934
14095 7581
17397 17462
15585 5703
15100 4577
15031 7073
19465 17510
11246 7443
19484 5377
11981 173
11562 5407
14143 18253
17694 6404
16670 15909
10688 17161
15453 9716
12616 6224
12010 9602
16594 5508
14828 1729
10198 4575
13243 1384
13099 10443
11684 11285
16812 7742
11754 18368
18441 418
10050 10726
19366 1882
12245 11253
15073 3003
15648 8942
12340 17905
15652 14131
14352 16001
18771 1285
13186 1823
