546
10784 7484
19140 12786
12912 8792
16650 976
10749 12743
11994 12460
11559 2426
19303 6954
17824 6684
19662 1414
18789 924
12436 2270
10862 17184
19627 240
19374 17218
18054 8318
15169 17528
14023 2837
10439 7395
13010 5815
11595 12456
17311 15340
15763 13238
15676 2630
15763 14446
18234 14545
14818 5063
15803 13259
11564 10947
17999 2342
15664 4673
13565 11387
10347 16536
10412 17244
12608 4749
12953 1647
13640 11962
15166 8702
17861 13220
12868 8261
12387 1745
17138 9327
15864 4290
17802 15493
18238 13197
13342 470
15476 3501
12151 3336
12470 3473
14057 14753
17586 3772
15268 10459
19045 3439
10098 10346
10134 16440
14642 4850
12280 3964
11122 6784
14419 14663
13264 831
12414 5592
10808 18334
18146 9420
11202 6216
12650 7369
19070 14225
13557 18000
10522 14653
17595 5548
12169 19517
19313 1378
19712 926
16384 8350
10953 15598
12288 15418
19687 12542
19973 12474
12111 16992
15089 2370
11090 18506
12578 10671
18447 12929
11368 156
10043 706
10479 17417
17357 13312
15639 12784
15251 2091
19819 12356
17483 8249
13652 2051
12867 4219
10143 16192
18740 8617
12125 11165
12338 18758
12996 11591
11818 17735
15392 5123
16971 2916
12174 19695
15387 5981
16874 4750
15978 8969
17675 2625
19716 5945
10037 3997
11038 10108
15188 10658
19393 1159
18599 1611
17715 5657
16948 12982
16976 19482
14486 6503
13607 6811
12620 4508
17672 13456
12726 11178
17775 14347
16575 555
19115 5102
12393 19582
16848 10380
11323 9559
16352 10501
11648 15412
14158 18384
17051 1476
12605 11742
13966 10729
11962 15295
12044 12139
17952 13982
15757 18121
19523 4804
13890 109
17622 18519
14492 216
19332 5533
12085 4870
13513 16975
19171 6024
13662 5176
15467 10936
17477 8761
16603 2737
19497 7882
10690 10817
14759 4894
12477 10793
17480 4419
14410 16950
19354 14502
12895 13603
13639 16960
16019 1678
10256 4326
19824 11030
19198 9062
19597 12682
10500 4177
15433 9250
14035 15183
13227 10679
15105 5549
13915 17731
10189 9410
15556 433
13960 13362
13059 1475
11263 14443
18641 14800
14151 14254
19066 7697
14100 19847
12198 8053
16350 15162
19824 6586
13076 6545
12063 19349
10297 2410
12203 4220
19852 12384
15414 12122
17468 11920
19638 3258
14801 374
16711 15856
18414 17620
19773 13096
14564 5304
13355 12598
12085 19440
10264 2954
17020 9470
18428 19992
11233 5029
18118 14423
17690 13842
10308 9157
12393 5426
11590 10070
10331 16779
19746 2502
11754 16169
16798 9428
12825 9547
15452 6465
18421 4559
14754 1743
13475 19651
15061 18685
12737 3268
18002 8610
12745 4450
19491 18840
12872 1100
11118 2276
10326 5664
16699 13211
10322 15214
19959 8576
14092 3134
12651 11419
11402 16661
13213 1775
10426 15182
13401 16722
15146 8110
19684 4726
19523 16233
11580 17579
11677 14873
15687 465
15079 11315
11176 19085
10884 4033
12608 12581
16514 11233
12118 85
10911 3060
10077 18499
11108 16009
19080 10635
19078 9614
11640 16099
15035 19904
11081 16649
11917 19824
19711 13779
13581 8874
14808 4533
10885 7261
14276 18786
17409 3800
13253 10929
13732 14424
11193 7384
17255 16531
10796 14288
13710 18687
14125 19856
16543 17876
11060 13006
15157 18374
11262 2912
13049 18313
12201 9981
19869 4182
19535 6044
13320 13174
16415 3843
15503 3922
11319 18445
11636 6865
14067 615
12609 2555
13246 14739
10856 6517
15279 10218
11255 9801
17002 12772
11720 9144
17732 8751
19265 1893
10932 18292
12873 4789
13690 3910
17553 2181
12174 18433
13657 6243
17839 10537
18266 12654
11806 13013
12535 11652
18927 17192
15744 12972
14780 5270
12891 13362
16324 13933
15842 19580
18643 2796
12520 11714
12930 11899
17097 9531
13482 4587
12630 12769
19832 12388
16484 9407
17168 7695
10925 3459
11552 4034
11778 2468
16236 15794
11211 8476
17587 6290
10687 5493
16368 13637
11722 11080
18496 5445
10141 6048
18692 2083
19973 6436
12822 17504
12886 12754
19251 17775
12773 18154
13220 13788
14906 4048
13842 3647
10692 4549
10840 19188
12579 5383
14418 11462
15366 4433
13569 19893
19217 18897
11894 8620
10816 19082
18411 6015
11330 7220
17889 19675
15653 10734
14092 4740
10546 18577
16956 18881
13157 2645
16544 15916
11302 15230
19963 13478
16014 7010
12096 764
16187 4758
15250 16519
19928 7285
18756 9835
15821 17857
15111 15444
17107 16765
16935 15354
10208 9304
10998 3157
19091 16783
11792 12674
11218 7361
16704 9344
18175 3576
14668 2140
11507 6654
16561 4523
18084 1588
15346 9927
18635 13204
18849 14725
11022 10384
11878 12890
11208 11313
14955 7950
19845 7502
11333 14140
13959 988
11742 13827
17237 6215
10218 2608
18541 12130
10828 9195
14623 15401
12782 1223
18604 3492
14933 3890
12804 18496
12283 6019
15065 13751
10324 7748
17476 18222
10320 9117
11093 19342
16275 13504
19456 10895
19765 14291
12856 2455
15228 13262
15332 7431
16751 2875
17410 1385
15282 5509
17804 9298
12569 16815
19742 5019
10932 16090
17333 17551
19557 1093
12828 765
19362 9261
12361 6754
13940 10047
11586 1321
16158 2689
13088 12775
18289 15073
10914 3946
13199 10143
17212 5761
19136 1455
12980 4879
17401 6618
18001 12103
15050 14626
16652 16917
16626 2188
14700 1179
14686 3096
13073 5194
18745 2268
17687 9888
18734 1695
17904 1967
18335 8989
16894 13764
15844 16917
15254 9428
19285 13415
12824 11692
18950 1657
19773 9251
12882 11700
10264 18582
18687 19182
13996 13515
18286 13696
12790 4482
15252 7368
10492 7663
12799 5873
10823 16315
10041 17268
17912 6096
10969 18172
10417 16119
13598 3383
18276 16959
12781 15408
10701 2905
18243 18034
19682 18218
11319 7084
11134 5484
11544 1072
10122 5746
18159 7482
16498 8150
11492 7109
16345 18792
10385 4950
14996 11982
15121 17381
15892 16010
16240 15821
17934 11932
17312 19490
18589 16370
15568 13558
19730 1884
10729 5784
14478 18955
13621 11347
16721 19239
16194 14742
12340 1942
11212 11655
14785 19479
11037 5619
12657 10780
17353 2636
18000 18700
16247 5430
18977 10007
17811 9547
10781 14074
19191 8843
11897 858
10805 1719
16325 11715
11962 2485
13187 2273
16352 11759
17824 9356
19176 2828
19396 4678
12621 1904
16686 5704
11483 13786
19646 2720
11553 14361
16508 5149
19304 6702
12999 4349
17412 13250
13272 14415
14855 6247
19333 17702
15275 8929
11299 3237
19677 4020
12547 17614
12518 14738
18569 16592
12735 11085
13940 12369
10914 7911
15582 6260
16390 13355
16517 5771
16565 11060
18397 17557
19905 9599
11101 12999
18224 17043
11155 17440
17341 10172
18329 6784
16265 18359
10770 12849
17165 3041
15389 3384
