1062
15826 18218
15636 2872
19250 15938
13346 1847
16983 17675
14490 12914
17323 6640
14409 1566
13796 13901
17619 18489
11638 4037
16052 356
10656 8464
18016 10380
11544 17606
14137 9838
16855 204
11546 1940
16133 16638
19443 1008
19473 17762
16136 16385
10150 12372
14371 18357
17095 7194
15829 18606
14329 7191
11161 1856
19662 11089
12765 5202
12209 11242
19477 14854
10848 13987
12526 17656
17755 3909
16981 7245
15352 11168
12612 9106
17889 14829
19917 15373
10303 1354
10575 15221
11036 3114
12586 1840
14864 8306
16666 4334
18203 8978
14562 317
13715 5182
11865 13949
13101 13925
17811 17868
14772 7260
11086 13081
10360 16448
15619 3304
12287 17564
15811 14705
15653 12658
12163 10031
17814 1146
15305 18103
11210 14785
19319 6097
14256 7667
11816 10653
13876 9709
13075 6544
18098 920
12583 3667
15907 9180
14924 16280
10743 7977
15425 7847
15258 1781
10595 15
11907 10127
14184 6572
17073 15432
17707 447
19364 4961
13037 4283
14910 11800
16762 15318
10575 7031
19774 8534
11331 16266
17086 14302
19361 3107
19092 496
17251 16485
13905 8115
16157 1697
12078 4263
13427 16400
12494 7591
11575 2931
19370 19894
11048 13429
14833 5802
18102 10091
19352 8299
16749 4144
15673 13791
13430 13393
10080 15233
15896 1441
15932 1831
11859 5196
11375 3981
15254 2840
13127 6111
15114 17950
11151 19203
15776 1786
16850 15508
16742 4314
15081 9946
11403 13104
17672 6209
10495 18425
16820 10660
12212 3491
16240 15534
13885 18045
12909 15055
16981 13556
15737 8352
10439 15252
15027 6619
11852 2390
11873 5430
18339 15055
15823 10024
11147 5616
17604 13822
12935 784
18521 6965
15346 19791
18507 8742
12259 8798
10034 12177
10766 19988
13572 5454
15649 16523
16836 2509
16749 10626
16594 663
16764 18377
14389 15360
14135 12863
16255 5849
12371 48
12015 5740
15805 3554
16873 4931
11662 8157
10276 19990
16494 11890
15042 6851
11679 9980
13316 3761
16218 4801
14715 18704
16473 1210
11881 6396
17175 16928
14835 11047
16622 8387
12649 11739
12106 16717
15972 1514
12522 3188
15292 11808
19772 6121
18863 17673
12358 8873
15824 12369
17155 15051
15749 1724
14495 7079
11361 2684
17378 13491
13673 11716
17455 19448
17782 18935
10805 8581
13286 12012
14622 1545
18581 16545
10901 424
17940 19312
12704 14823
11395 7125
13410 11852
14496 6686
17926 5807
12523 13686
19963 6664
15223 6404
14859 1977
18537 1563
10520 704
10911 19445
17144 16308
15922 18943
15192 18652
17161 13596
16044 7581
18289 379
14449 19323
10284 5630
19864 5453
14224 18162
11414 19368
13280 11679
15285 5301
17233 918
11297 11080
19748 248
19198 6965
11421 17002
17363 6301
19259 16727
11290 14423
19868 10904
14046 6309
19038 17028
10873 10017
14999 18346
16276 20
11742 8056
15271 1904
14984 11929
18030 17194
12556 18723
16284 8013
11172 15524
12580 13424
14720 913
17477 1667
15790 18241
10846 2132
10700 16929
10170 3861
18483 10212
12084 1459
18102 10943
15985 7500
13010 3076
16176 7404
12594 16198
12222 11188
17597 8309
19566 14634
14484 11652
17473 14217
12415 10253
16142 12720
10672 16478
10092 6252
19490 11105
13617 7404
15353 12179
12602 16780
14918 16017
10758 2595
14552 9100
13574 12927
10359 11784
18637 7436
15139 11228
12205 19425
16410 19053
17519 15145
16509 2445
13222 19611
11176 11795
10609 2724
19569 10225
19716 19056
19551 10309
13581 14238
19223 2188
16277 10986
16426 2858
10811 7654
12581 10024
13369 15980
14148 1925
16047 1234
10344 11208
14217 13994
11733 11011
10868 17278
17553 853
11184 11026
17593 16462
10834 5414
10886 13598
15200 2238
12520 13237
16423 16239
19042 14644
14738 3222
11839 11699
19210 15897
17141 2606
15925 16519
15032 2722
15290 14475
17663 2484
17555 10406
15730 9543
17945 5749
15434 10008
10244 3973
12020 559
14010 10875
18829 2914
17947 8034
16422 2807
18043 17495
14750 5180
14638 8802
14161 2963
18781 7093
11148 15251
19588 11029
17602 19060
10471 570
15688 10097
18905 2153
10246 13536
15857 11528
15682 14487
10841 10898
15450 3131
14033 18101
12651 15831
13361 4042
12722 14114
18538 15250
13375 18297
14095 2334
12508 18613
14147 6787
16085 18709
12722 1686
13111 4321
13859 19467
12365 453
15818 15870
16038 15450
13693 12268
16701 224
10533 4460
10937 669
12887 17521
15419 10069
17935 10296
16552 11539
18110 11399
16172 13487
13581 14113
11146 5739
15549 18138
17769 14640
13049 16505
13669 2545
15553 2318
10478 19198
18019 5170
14384 10459
13090 11940
14705 16080
13498 801
13916 19008
15172 18858
18350 5449
12224 9418
16596 1911
10387 12544
15570 6813
11503 10336
14288 13295
15701 15765
19724 19677
14921 17327
13852 11897
14747 5241
13993 7621
14664 7237
15298 2683
14184 18038
10285 13172
16956 457
19480 2215
14517 4501
19640 17842
19068 10030
13781 2970
13324 898
12443 10643
16395 17147
19525 14662
16015 12320
15063 156
11525 13538
10658 8039
10397 10532
11661 15364
16766 4232
17881 11980
13980 11336
11882 19870
13148 5415
16101 17329
18867 3812
18172 19828
15066 19540
12674 4674
16096 10970
10761 4116
11973 4769
14415 9305
15843 4258
15278 19587
17638 16724
12345 7601
15062 11805
10066 5035
16730 7199
16774 10048
19411 8068
10363 7803
17797 8740
18159 11560
16256 16405
11154 14546
15373 1142
12188 3993
11281 5120
14741 11243
18845 16978
12432 1419
13924 346
19216 6006
14080 16760
16066 18625
12916 15894
12881 18092
19626 13798
15335 7556
13431 5968
11726 14385
14240 587
19901 5352
11083 13533
14140 8231
16138 13922
10946 1523
12664 15400
15873 9498
12574 14103
19082 17029
14791 3830
16109 15090
13829 5386
12249 5925
16988 18048
14968 5397
14356 6846
11794 14188
10883 15968
12052 4414
17645 2090
15013 6639
10726 6359
15830 4069
19123 17411
17980 4968
13375 15526
12677 6636
17664 7429
10413 955
11540 4284
10011 269
17044 6439
18794 7276
19546 3893
15016 15618
10377 12041
19407 14392
18484 13536
13867 10752
19755 13297
18233 211
16698 2140
19521 13301
14116 11103
14598 156
18663 2277
14732 11401
12159 12759
12531 12781
15933 13077
18494 14479
11245 8164
19510 16401
13841 13751
18291 12113
15711 14522
14481 17228
14954 2570
12215 8618
15914 15580
19329 16526
11826 12398
16849 19055
12096 19725
19067 6434
18271 19469
19847 11713
15483 6939
17806 15824
12112 8927
17121 17634
10705 7419
16767 13071
15575 1882
18265 6208
17452 15176
11093 16562
14628 2613
19344 2812
11253 10040
15471 11457
13404 12564
14409 18322
15953 18883
19406 5240
10808 14641
15391 492
16987 9392
10532 4459
14087 4493
19762 14747
12939 12628
14726 15265
14667 11576
11084 19074
14210 1901
19959 9066
10489 13540
14089 17607
12561 18044
16243 8297
10424 18654
12868 16390
11139 13387
17314 5989
14864 1537
12881 272
13119 3832
16566 14046
15763 18600
19510 14472
13450 14715
18659 15369
15026 15000
19592 1638
16942 4967
10010 13716
15525 1375
17619 4189
19710 1081
17856 11045
18621 12713
12962 7243
10135 16150
19530 19160
12712 5216
10864 17296
11345 431
18587 15792
16985 18516
15765 18886
15730 3772
13753 15313
19662 7130
18391 5869
12497 18507
15704 16772
13115 5993
11028 7713
10072 4902
15608 2327
10856 14937
18154 19657
17325 19011
17874 19236
15561 18845
17156 16177
13531 18206
11873 29
12496 18459
19736 18248
11005 9054
18691 4674
17402 8350
12215 10334
10860 11513
12381 5894
19890 4341
19032 14804
19212 7878
13494 4100
19998 6325
19183 5946
17318 14117
18805 3869
16459 12037
12699 3444
12045 243
11147 10363
11756 13937
14425 18547
13375 13428
18872 11118
19698 12842
18698 16233
14519 18296
10896 12840
16612 5953
12128 10769
11109 10829
14576 1672
12724 10056
19965 1011
14975 18327
13055 15554
15611 16710
16260 2496
13109 17649
18886 6254
10994 12563
10817 8919
15847 13833
10671 9873
17669 15134
15509 13314
16171 18921
13156 19880
11290 18235
10156 433
19840 3818
11137 13782
15545 12847
10973 14670
13550 1474
15388 1065
10690 6564
14713 5173
17154 14698
19424 12933
19517 2213
10750 13727
12470 5924
17963 3114
11615 5532
15922 18012
18902 13765
13467 16850
11998 8870
15859 9833
10217 10107
12422 11911
11937 12329
12691 6525
17613 16005
17336 5021
15317 4262
13879 8474
16919 17454
15177 19265
15434 18979
18553 15580
10208 7084
12579 16881
13367 424
18070 15479
14312 15782
19495 10704
12641 16770
14343 10206
11285 15183
16949 8831
15389 11795
18224 18551
12643 7149
14342 224
18602 14747
15433 11855
17791 18172
12934 130
14031 6278
10634 6641
19988 2113
16374 9562
13029 1367
18379 19786
16807 6348
14934 4120
16802 1712
13535 10501
16661 15502
11718 4340
18541 10122
18834 1093
13183 18301
19395 12351
15943 677
12608 4655
18196 5256
17872 3661
15939 12254
14653 17592
16850 18919
14947 2394
10542 8383
12786 5536
15301 18144
11859 5077
12263 15548
10329 19823
12833 19632
17621 13801
10322 7847
17953 11930
13319 13367
19224 8558
18800 12825
19606 3884
12321 19369
13310 4361
10641 2854
11045 19651
10006 10988
10708 6559
17288 13372
14147 2075
16916 15571
14154 3159
18764 17976
10285 956
11629 937
16559 7449
19416 65
16497 3483
19345 15090
10417 14491
18756 18211
10879 989
13075 5159
16213 14459
16716 10132
14530 12828
10156 6633
12820 13242
12691 17736
17917 19089
16233 15391
18887 17804
14369 15133
18461 17708
13925 15867
18618 2565
16072 3526
16938 10456
14260 19858
17836 3650
13021 1769
15990 3267
16170 6518
19104 18811
10004 10044
16155 776
15906 7286
14110 13651
10483 10564
14092 4494
19222 4677
13773 16489
13206 1506
17651 18146
11273 12425
18309 18089
14982 7960
16767 6992
13263 7193
15794 13478
19011 4624
13066 18829
18494 8716
15441 19339
16324 15460
12333 8794
10338 15840
12440 851
11884 4253
12440 13249
12816 3951
12286 4087
10766 13842
11240 17405
19396 12060
15862 7613
13094 2482
19640 16500
17860 15209
18156 16290
14057 19096
19028 3218
11417 18594
13134 2339
14930 17227
15845 8862
12584 14229
17111 4978
10270 14097
12817 5040
15914 18095
18258 15236
15188 5011
16129 12321
10960 2231
18957 12350
13069 6848
16194 16578
11784 13001
12284 16285
17450 4617
14853 18991
16487 9727
10556 13246
12010 6321
19656 15459
13832 673
17075 13454
12230 758
13468 9206
18340 13586
15517 12861
17030 17640
14528 17013
15692 19086
14389 10905
18161 2398
10485 9130
11434 14535
14078 16307
13800 4833
14970 13737
14562 12139
11505 8923
19530 14134
12368 6935
10715 9943
12401 11962
19315 652
15321 17957
17604 1775
11599 1860
11835 7213
19300 5842
16272 11632
10984 18939
12588 19455
18928 17578
10229 17509
16004 11052
15693 16547
15188 16794
16010 3407
16358 1335
11064 19068
10996 16227
19103 16183
14822 2544
10521 4160
14033 1575
18966 12370
11687 13890
18421 9125
16119 5106
18143 15112
10215 7219
11207 7038
11514 1866
13444 2577
10449 5281
10689 2813
13356 6679
12259 13554
16075 9857
18687 14526
19045 13841
11585 4456
12287 12145
19301 9946
17550 3733
15115 17443
18474 15835
13804 5532
18273 11692
10149 12104
11996 6595
16594 9950
12354 869
11222 1736
12530 17046
18887 10475
18292 5017
17609 57
12524 1744
19438 15979
19185 14441
18108 17641
18225 8778
19160 3147
12078 1868
17705 12868
10808 15539
12180 8425
16757 8196
14751 11700
12930 2880
10360 772
10493 7615
19471 5698
15583 10141
15762 16275
13216 12120
17355 19742
15915 9312
10773 3820
16390 12707
19160 7239
12169 9796
12445 4957
12638 16245
11943 6619
11855 9634
12350 11925
13090 19686
10547 15247
16050 15025
17693 10294
17166 18898
15157 17931
15755 6955
11046 16507
12024 1660
17379 658
13018 14324
17386 8509
14561 1961
15291 19908
17143 18266
12258 1684
19559 13698
17483 16301
12625 14425
13689 351
19279 14757
18286 6298
18562 13215
18233 18930
18764 19762
11209 9451
19091 12047
14424 8278
11446 14883
19191 14830
12166 9640
16494 5338
14257 9314
14322 7138
19306 12442
10457 15519
10299 4357
11209 15873
10641 14196
10887 15247
11347 19560
16907 14728
19149 3346
11988 5824
16064 7581
16783 13362
15635 19985
11876 9685
10196 16937
17342 1088
16234 1187
16558 14194
12143 6548
14495 13766
19049 2688
19516 17625
15446 17062
15771 7421
18030 4376
14884 18391
18734 5522
11539 3331
18368 10728
15426 392
11582 3984
18951 3661
17629 94
17728 18583
18805 6048
13454 11983
16389 13965
15180 13284
15770 8037
19164 5002
10285 3463
15317 11291
19072 2878
16340 12720
13104 16788
11530 7955
16540 5284
10650 5397
15985 17394
11773 12683
16874 4994
14903 446
16970 18931
14633 17529
19871 12406
12857 2943
18896 12584
16890 511
16241 8094
14756 5468
12799 7521
14179 7250
17982 4496
13136 11816
12405 17986
12558 2397
15153 15559
18983 4536
12331 11282
10852 12375
18084 8171
14100 14115
14094 11230
