5
82 100 1
64 4
64 74
74 36
42 36
79 42
79 33
48 33
47 48
47 71
71 68
58 68
58 1
28 1
28 50
29 50
61 29
61 46
12 46
12 53
34 53
34 38
66 38
13 66
19 13
19 6
6 69
30 69
30 76
76 62
15 62
8 15
56 8
55 56
55 57
57 82
70 82
77 70
24 77
40 24
40 23
43 23
54 43
31 54
31 39
39 25
25 27
27 2
17 2
10 17
10 5
5 20
20 44
44 37
60 37
18 60
18 72
72 78
78 26
81 26
81 14
14 51
51 63
63 75
59 75
59 16
16 7
65 7
49 65
80 49
67 80
11 67
11 45
9 45
9 35
41 35
41 32
22 32
73 22
21 41
32 52
68 2
28 30
70 50
75 1
23 79
23 72
7 7
29 22
48 48
15 32
34 23
13 33
24 34
70 60
39 9
74 67
14 43
62 35
79 72
57 71
4 73
