6
81 100 1
29 18
29 19
40 19
40 23
37 23
37 69
22 69
22 64
64 30
30 17
17 9
9 48
48 43
55 43
53 55
53 11
56 11
56 54
58 54
58 3
25 3
50 25
50 47
81 47
77 81
70 77
62 70
20 62
39 20
13 39
27 13
27 35
35 34
57 34
33 57
33 76
1 76
68 1
68 2
2 26
26 15
41 15
41 72
14 72
7 14
44 7
44 16
28 16
28 42
38 42
12 38
32 12
49 32
49 74
79 74
79 45
80 45
80 4
4 36
46 36
52 46
52 61
31 61
31 8
63 8
63 51
78 51
24 78
24 10
10 66
66 21
65 21
5 65
59 5
73 59
73 6
71 6
60 71
42 55
57 77
35 56
31 14
45 36
56 19
33 53
46 23
68 42
71 42
54 27
53 72
64 64
21 30
27 58
17 1
10 10
70 71
34 2
8 62
5 60
73 50
18 60
