2
89 100 1
7 69
23 69
23 55
76 55
76 46
8 46
38 8
38 36
20 36
70 20
70 9
9 35
35 27
27 77
75 77
53 75
74 53
74 50
30 50
11 30
11 3
19 3
87 19
86 87
86 82
68 82
40 68
40 29
10 29
10 14
14 52
52 4
24 4
24 31
31 42
42 47
47 88
15 88
21 15
44 21
62 44
62 72
61 72
66 61
41 66
41 26
63 26
63 54
54 5
28 5
79 28
65 79
65 45
71 45
6 71
6 37
37 49
49 58
32 58
32 34
34 18
18 84
16 84
16 81
73 81
73 80
60 80
60 67
88 32
32 27
28 19
84 52
4 73
62 34
20 88
46 49
34 31
60 34
73 24
62 10
2 34
69 42
25 20
16 27
75 1
67 22
61 88
5 69
20 13
89 20
1 83
17 55
71 17
3 5
62 57
75 79
49 26
52 24
51 76
61 23
7 67
