4
95 100 1
16 14
73 14
23 73
23 35
35 71
71 47
70 47
70 5
5 43
82 43
59 82
9 59
10 87
82 21
42 43
92 1
1 93
86 78
1 38
95 87
31 38
6 60
54 2
75 32
79 43
70 58
38 68
67 71
8 42
8 10
55 60
90 68
37 40
8 69
36 72
26 83
44 87
7 89
59 80
16 43
67 66
16 31
19 65
1 64
86 91
20 85
49 22
24 42
2 52
45 77
89 29
9 7
43 4
69 84
79 69
44 28
7 26
18 83
26 82
37 15
91 60
87 19
42 72
39 32
8 30
80 51
21 92
72 76
83 67
44 69
10 71
16 41
46 73
88 5
53 46
89 40
72 15
13 76
10 34
61 80
75 74
51 42
32 86
6 55
81 95
72 92
50 42
60 79
19 64
82 36
37 46
90 35
52 21
72 13
22 52
71 22
70 36
33 79
62 5
14 22
16 9
