8
93 100 1
11 30
11 63
67 63
67 75
39 75
39 12
12 37
49 37
49 92
24 92
47 24
47 41
41 34
34 72
76 72
90 76
71 90
35 71
3 35
40 3
40 82
4 82
4 45
45 1
91 1
91 16
16 83
85 83
18 85
69 18
29 69
29 57
57 93
74 93
88 74
88 64
81 64
81 51
51 9
27 9
27 2
2 28
6 28
60 6
60 59
70 59
54 70
54 86
15 86
31 15
32 31
32 68
68 52
52 17
17 22
22 19
53 19
53 80
65 80
65 23
23 55
55 78
50 78
62 50
61 62
61 25
25 77
87 77
21 87
43 21
36 43
73 36
73 38
38 26
26 56
13 64
69 4
85 84
8 46
15 89
57 60
3 22
70 43
30 20
74 62
39 39
26 87
76 88
14 24
19 48
85 8
80 88
51 23
19 88
41 22
11 56
62 54
30 60
46 14
37 60
30 56
