7
99 100 1
93 87
61 93
66 61
2 66
2 80
42 80
78 42
58 78
90 58
90 31
31 56
56 92
92 97
97 99
14 99
15 14
29 15
29 43
51 43
3 23
34 55
44 56
4 1
88 8
90 73
71 98
15 20
53 84
3 80
67 61
76 30
96 71
30 52
99 17
69 54
39 3
66 71
39 19
11 66
69 75
12 58
57 42
48 58
21 76
62 85
57 86
98 30
67 76
41 17
14 44
81 27
66 88
36 24
95 69
29 85
48 67
10 18
79 62
25 22
27 60
33 57
68 42
18 74
96 8
16 99
43 97
39 39
92 84
17 9
68 19
63 81
90 7
81 78
12 99
82 51
41 93
54 54
97 82
85 44
6 41
18 95
2 75
34 84
63 84
7 31
88 71
9 63
50 21
51 67
29 90
51 99
60 16
64 37
45 79
55 4
5 42
9 67
17 62
27 46
19 94
87 51
