3
88 100 1
19 62
2 62
2 5
5 57
57 40
67 40
67 54
54 42
14 42
14 58
37 58
78 37
55 78
73 55
65 73
65 8
8 23
67 60
23 14
51 76
45 3
44 15
8 4
36 85
35 77
81 20
44 52
35 52
21 61
69 84
77 55
1 68
69 38
17 88
4 55
23 84
3 55
5 66
73 85
46 13
25 19
59 82
31 17
15 2
86 17
68 17
37 28
83 82
77 76
48 8
85 16
59 30
87 11
1 17
80 85
9 17
44 56
71 44
7 84
36 74
69 85
75 88
54 43
43 65
40 84
12 63
73 60
64 62
85 51
44 28
29 16
52 29
12 56
28 56
82 6
24 7
5 61
37 67
67 7
46 85
33 2
32 62
16 62
19 80
6 75
2 18
17 57
74 64
87 50
50 61
57 81
55 68
77 13
33 15
70 1
12 4
66 4
8 18
26 18
34 65
19 23
