100 9900
1 2 43
1 3 50
1 4 53
1 5 46
1 6 1
1 7 1
1 8 55
1 9 20
1 10 71
1 11 88
1 12 28
1 13 95
1 14 425
1 15 383
1 16 79
1 17 29
1 18 845
1 19 4
1 20 2
1 21 95
1 22 3
1 23 59
1 24 546
1 25 989
1 26 40
1 27 54
1 28 53
1 29 32
1 30 84
1 31 69
1 32 8
1 33 449
1 34 7
1 35 50
1 36 71
1 37 148
1 38 85
1 39 66
1 40 86
1 41 28
1 42 37
1 43 341
1 44 29
1 45 83
1 46 94
1 47 87
1 48 30
1 49 65
1 50 91
1 51 83
1 52 598
1 53 632
1 54 90
1 55 79
1 56 82
1 57 51
1 58 56
1 59 44
1 60 35
1 61 79
1 62 67
1 63 95
1 64 76
1 65 66
1 66 58
1 67 1
1 68 55
1 69 15
1 70 16
1 71 48
1 72 61
1 73 37
1 74 20
1 75 34
1 76 90
1 77 23
1 78 73
1 79 94
1 80 5
1 81 68
1 82 7433
1 83 86
1 84 51
1 85 71
1 86 90
1 87 59
1 88 30
1 89 20
1 90 3
1 91 92
1 92 608
1 93 2336
1 94 96
1 95 12
1 96 36
1 97 64
1 98 84
1 99 10
1 100 72
2 1 77
2 3 2
2 4 77
2 5 5
2 6 361
2 7 94
2 8 72
2 9 72
2 10 83
2 11 23
2 12 469
2 13 71
2 14 12
2 15 49
2 16 23
2 17 38
2 18 321
2 19 60
2 20 57
2 21 17
2 22 21
2 23 88
2 24 41
2 25 21
2 26 28
2 27 72
2 28 8
2 29 75
2 30 57
2 31 70
2 32 94
2 33 23
2 34 60
2 35 23
2 36 40
2 37 25
2 38 687
2 39 3
2 40 573
2 41 16
2 42 43
2 43 9
2 44 18
2 45 20
2 46 25
2 47 61
2 48 82
2 49 35
2 50 7
2 51 605
2 52 25
2 53 202
2 54 87
2 55 85
2 56 64
2 57 22
2 58 98
2 59 545
2 60 88
2 61 16
2 62 57
2 63 81
2 64 82
2 65 7
2 66 275
2 67 58
2 68 71
2 69 21
2 70 8
2 71 70
2 72 4
2 73 23
2 74 12
2 75 11
2 76 92
2 77 67
2 78 91
2 79 76
2 80 45
2 81 68
2 82 80
2 83 333
2 84 80
2 85 92
2 86 44
2 87 35
2 88 68
2 89 77
2 90 12
2 91 22
2 92 78
2 93 91
2 94 46
2 95 46
2 96 66
2 97 13
2 98 48
2 99 21
2 100 56
3 1 37
3 2 83
3 4 99
3 5 72
3 6 34
3 7 18
3 8 85
3 9 15
3 10 12
3 11 53
3 12 19
3 13 40
3 14 71
3 15 80
3 16 56
3 17 54
3 18 53
3 19 67
3 20 88
3 21 18
3 22 988
3 23 296
3 24 40
3 25 60
3 26 72
3 27 36
3 28 48
3 29 13
3 30 51
3 31 529
3 32 54
3 33 40
3 34 26
3 35 72
3 36 13
3 37 94
3 38 543
3 39 46
3 40 21
3 41 3
3 42 31
3 43 64
3 44 93
3 45 10
3 46 67
3 47 32
3 48 13
3 49 43
3 50 26
3 51 100
3 52 38
3 53 86
3 54 14
3 55 58
3 56 70
3 57 19
3 58 39
3 59 77
3 60 49
3 61 9
3 62 922
3 63 54
3 64 61
3 65 67
3 66 50
3 67 303
3 68 17
3 69 2
3 70 71
3 71 31
3 72 4
3 73 31
3 74 541
3 75 7
3 76 355
3 77 8
3 78 36
3 79 15
3 80 581
3 81 66
3 82 24
3 83 96
3 84 65
3 85 692
3 86 71
3 87 28
3 88 49
3 89 27
3 90 12
3 91 91
3 92 29
3 93 76
3 94 55
3 95 9
3 96 87
3 97 41
3 98 74
3 99 13
3 100 98
4 1 4
4 2 31
4 3 29
4 5 321
4 6 76
4 7 32
4 8 70
4 9 8
4 10 34
4 11 50
4 12 61
4 13 31
4 14 76
4 15 33
4 16 2
4 17 98
4 18 100
4 19 99
4 20 88
4 21 81
4 22 23
4 23 951
4 24 33
4 25 50
4 26 19
4 27 96
4 28 72
4 29 35
4 30 90
4 31 75
4 32 37
4 33 325
4 34 84
4 35 57
4 36 48
4 37 22
4 38 71
4 39 33
4 40 45
4 41 905
4 42 96
4 43 837
4 44 87
4 45 836
4 46 53
4 47 51
4 48 42
4 49 81
4 50 50
4 51 94
4 52 5
4 53 29
4 54 5
4 55 57
4 56 964
4 57 53
4 58 53
4 59 223
4 60 3
4 61 79
4 62 77
4 63 100
4 64 47
4 65 17
4 66 73
4 67 75
4 68 85
4 69 91
4 70 45
4 71 553
4 72 61
4 73 46
4 74 50
4 75 17
4 76 64
4 77 67
4 78 69
4 79 812
4 80 40
4 81 5
4 82 29
4 83 44
4 84 72
4 85 30
4 86 99
4 87 40
4 88 79
4 89 433
4 90 40
4 91 98
4 92 80
4 93 88
4 94 87
4 95 40
4 96 88
4 97 7
4 98 48
4 99 67
4 100 5598
5 1 57
5 2 66
5 3 17
5 4 59
5 6 93
5 7 425
5 8 9
5 9 48
5 10 1
5 11 53
5 12 47
5 13 99
5 14 63
5 15 10
5 16 95
5 17 61
5 18 61
5 19 3
5 20 47
5 21 20
5 22 78
5 23 7
5 24 89
5 25 42
5 26 65
5 27 45
5 28 62
5 29 63
5 30 63
5 31 62
5 32 92
5 33 74
5 34 91
5 35 80
5 36 24
5 37 22
5 38 7
5 39 92
5 40 76
5 41 51
5 42 52
5 43 72
5 44 35
5 45 2
5 46 66
5 47 50
5 48 89
5 49 86
5 50 266
5 51 11
5 52 73
5 53 4639
5 54 36
5 55 26
5 56 824
5 57 245
5 58 96
5 59 98
5 60 10
5 61 73
5 62 35
5 63 71
5 64 27
5 65 1
5 66 99
5 67 2367
5 68 19
5 69 31
5 70 10
5 71 48
5 72 42
5 73 99
5 74 46
5 75 8
5 76 81
5 77 30
5 78 178
5 79 26
5 80 50
5 81 232
5 82 35
5 83 60
5 84 11
5 85 35
5 86 41
5 87 88
5 88 87
5 89 23
5 90 49
5 91 60
5 92 67
5 93 19
5 94 100
5 95 42
5 96 81
5 97 52
5 98 106
5 99 63
5 100 29
6 1 11
6 2 63
6 3 927
6 4 34
6 5 56
6 7 36
6 8 66
6 9 88
6 10 3
6 11 18
6 12 93
6 13 8
6 14 395
6 15 39
6 16 47
6 17 48
6 18 50
6 19 53
6 20 9
6 21 12
6 22 19
6 23 28
6 24 80
6 25 48
6 26 23
6 27 86
6 28 78
6 29 83
6 30 20
6 31 85
6 32 95
6 33 52
6 34 72
6 35 44
6 36 57
6 37 95
6 38 93
6 39 30
6 40 54
6 41 58
6 42 77
6 43 20
6 44 33
6 45 69
6 46 44
6 47 96
6 48 302
6 49 687
6 50 60
6 51 78
6 52 838
6 53 130
6 54 180
6 55 58
6 56 3
6 57 49
6 58 32
6 59 62
6 60 84
6 61 88
6 62 40
6 63 70
6 64 12
6 65 20
6 66 100
6 67 98
6 68 3
6 69 484
6 70 76
6 71 19
6 72 41
6 73 67
6 74 95
6 75 60
6 76 66
6 77 51
6 78 12
6 79 14
6 80 54
6 81 54
6 82 84
6 83 930
6 84 59
6 85 35
6 86 46
6 87 3
6 88 92
6 89 24
6 90 13
6 91 93
6 92 19
6 93 6
6 94 35
6 95 60
6 96 53
6 97 24
6 98 82
6 99 43
6 100 73
7 1 64
7 2 91
7 3 43
7 4 54
7 5 618
7 6 14
7 8 19
7 9 61
7 10 91
7 11 88
7 12 654
7 13 95
7 14 74
7 15 45
7 16 96
7 17 7
7 18 69
7 19 85
7 20 20
7 21 43
7 22 26
7 23 39
7 24 274
7 25 28
7 26 26
7 27 25
7 28 75
7 29 31
7 30 53
7 31 14
7 32 66
7 33 94
7 34 52
7 35 48
7 36 34
7 37 90
7 38 13
7 39 24
7 40 512
7 41 38
7 42 65
7 43 51
7 44 195
7 45 6702
7 46 89
7 47 14
7 48 69
7 49 18
7 50 19
7 51 44
7 52 24
7 53 78
7 54 61
7 55 77
7 56 69
7 57 47
7 58 27
7 59 57
7 60 26
7 61 74
7 62 98
7 63 96
7 64 54
7 65 91
7 66 54
7 67 6
7 68 445
7 69 8
7 70 69
7 71 51
7 72 29
7 73 9
7 74 29
7 75 18
7 76 83
7 77 21
7 78 56
7 79 55
7 80 37
7 81 64
7 82 36
7 83 95
7 84 82
7 85 15
7 86 90
7 87 16
7 88 87
7 89 28
7 90 10
7 91 28
7 92 91
7 93 23
7 94 81
7 95 14
7 96 49
7 97 60
7 98 98
7 99 66
7 100 16
8 1 70
8 2 41
8 3 26
8 4 69
8 5 39
8 6 49
8 7 90
8 9 12
8 10 5
8 11 45
8 12 16
8 13 85
8 14 37
8 15 33
8 16 8
8 17 89
8 18 919
8 19 66
8 20 96
8 21 77
8 22 41
8 23 90
8 24 83
8 25 59
8 26 99
8 27 9
8 28 7
8 29 3
8 30 83
8 31 38
8 32 94
8 33 73
8 34 73
8 35 32
8 36 65
8 37 100
8 38 54
8 39 80
8 40 51
8 41 93
8 42 25
8 43 66
8 44 736
8 45 794
8 46 61
8 47 42
8 48 43
8 49 781
8 50 60
8 51 38
8 52 73
8 53 49
8 54 99
8 55 37
8 56 55
8 57 66
8 58 48
8 59 6
8 60 92
8 61 95
8 62 1
8 63 90
8 64 67
8 65 427
8 66 46
8 67 250
8 68 54
8 69 21
8 70 97
8 71 93
8 72 32
8 73 754
8 74 32
8 75 24
8 76 7
8 77 47
8 78 23
8 79 99
8 80 97
8 81 11
8 82 55
8 83 76
8 84 92
8 85 4018
8 86 829
8 87 10
8 88 68
8 89 61
8 90 34
8 91 46
8 92 83
8 93 62
8 94 820
8 95 90
8 96 30
8 97 69
8 98 28
8 99 11
8 100 29
9 1 69
9 2 13
9 3 19
9 4 1
9 5 3
9 6 30
9 7 413
9 8 88
9 10 57
9 11 83
9 12 48
9 13 50
9 14 45
9 15 53
9 16 30
9 17 90
9 18 33
9 19 6
9 20 62
9 21 85
9 22 51
9 23 17
9 24 78
9 25 14
9 26 5
9 27 937
9 28 87
9 29 34
9 30 68
9 31 40
9 32 57
9 33 13
9 34 73
9 35 793
9 36 20
9 37 88
9 38 36
9 39 4537
9 40 68
9 41 84
9 42 12
9 43 56
9 44 68
9 45 56
9 46 76
9 47 30
9 48 24
9 49 962
9 50 893
9 51 77
9 52 23
9 53 10
9 54 64
9 55 51
9 56 92
9 57 63
9 58 17
9 59 38
9 60 84
9 61 58
9 62 90
9 63 20
9 64 760
9 65 34
9 66 61
9 67 49
9 68 49
9 69 100
9 70 12
9 71 88
9 72 29
9 73 22
9 74 32
9 75 79
9 76 68
9 77 3
9 78 88
9 79 83
9 80 71
9 81 42
9 82 96
9 83 27
9 84 12
9 85 25
9 86 13
9 87 89
9 88 252
9 89 5
9 90 59
9 91 12
9 92 14
9 93 3
9 94 25
9 95 52
9 96 17
9 97 13
9 98 88
9 99 60
9 100 96
10 1 17
10 2 9879
10 3 89
10 4 63
10 5 93
10 6 58
10 7 50
10 8 36
10 9 81
10 11 1
10 12 80
10 13 60
10 14 20
10 15 39
10 16 38
10 17 72
10 18 13
10 19 44
10 20 82
10 21 85
10 22 74
10 23 92
10 24 32
10 25 35
10 26 16
10 27 39
10 28 25
10 29 35
10 30 76
10 31 30
10 32 36
10 33 10
10 34 37
10 35 78
10 36 62
10 37 38
10 38 38
10 39 68
10 40 822
10 41 97
10 42 97
10 43 100
10 44 38
10 45 24
10 46 64
10 47 27
10 48 80
10 49 62
10 50 59
10 51 3
10 52 32
10 53 1
10 54 51
10 55 25
10 56 95
10 57 88
10 58 74
10 59 225
10 60 71
10 61 71
10 62 83
10 63 12
10 64 4
10 65 391
10 66 3
10 67 87
10 68 2
10 69 273
10 70 85
10 71 18
10 72 40
10 73 53
10 74 30
10 75 88
10 76 706
10 77 330
10 78 12
10 79 74
10 80 50
10 81 5
10 82 36
10 83 49
10 84 48
10 85 41
10 86 66
10 87 56
10 88 18
10 89 81
10 90 5
10 91 65
10 92 54
10 93 53
10 94 34
10 95 66
10 96 55
10 97 61
10 98 93
10 99 67
10 100 57
11 1 316
11 2 2
11 3 35
11 4 8
11 5 48
11 6 17
11 7 41
11 8 30
11 9 14
11 10 21
11 12 56
11 13 972
11 14 36
11 15 93
11 16 77
11 17 23
11 18 42
11 19 835
11 20 84
11 21 64
11 22 85
11 23 45
11 24 80
11 25 85
11 26 89
11 27 54
11 28 23
11 29 53
11 30 100
11 31 99
11 32 114
11 33 99
11 34 24
11 35 61
11 36 93
11 37 70
11 38 14
11 39 53
11 40 98
11 41 55
11 42 88
11 43 282
11 44 66
11 45 14
11 46 917
11 47 65
11 48 80
11 49 813
11 50 10
11 51 51
11 52 25
11 53 96
11 54 91
11 55 79
11 56 29
11 57 10
11 58 95
11 59 70
11 60 68
11 61 8
11 62 81
11 63 100
11 64 19
11 65 31
11 66 55
11 67 3
11 68 48
11 69 49
11 70 639
11 71 18
11 72 32
11 73 85
11 74 36
11 75 91
11 76 76
11 77 23
11 78 27
11 79 9
11 80 86
11 81 34
11 82 62
11 83 37
11 84 45
11 85 61
11 86 53
11 87 14
11 88 30
11 89 27
11 90 23
11 91 78
11 92 97
11 93 3
11 94 62
11 95 28
11 96 11
11 97 50
11 98 82
11 99 71
11 100 41
12 1 46
12 2 72
12 3 77
12 4 46
12 5 19
12 6 18
12 7 80
12 8 41
12 9 61
12 10 41
12 11 99
12 13 18
12 14 98
12 15 22
12 16 21
12 17 22
12 18 84
12 19 46
12 20 42
12 21 39
12 22 1
12 23 605
12 24 15
12 25 89
12 26 805
12 27 164
12 28 35
12 29 14
12 30 48
12 31 82
12 32 514
12 33 60
12 34 77
12 35 79
12 36 17
12 37 13
12 38 55
12 39 98
12 40 86
12 41 66
12 42 594
12 43 57
12 44 97
12 45 1
12 46 76
12 47 87
12 48 72
12 49 88
12 50 1
12 51 34
12 52 76
12 53 77
12 54 860
12 55 77
12 56 48
12 57 8
12 58 55
12 59 64
12 60 26
12 61 14
12 62 13
12 63 37
12 64 78
12 65 40
12 66 98
12 67 93
12 68 910
12 69 32
12 70 47
12 71 20
12 72 80
12 73 38
12 74 339
12 75 62
12 76 219
12 77 58
12 78 969
12 79 95
12 80 89
12 81 52
12 82 24
12 83 41
12 84 614
12 85 28
12 86 87
12 87 15
12 88 85
12 89 99
12 90 41
12 91 60
12 92 60
12 93 74
12 94 24
12 95 41
12 96 22
12 97 2
12 98 45
12 99 63
12 100 80
13 1 8
13 2 12
13 3 29
13 4 2
13 5 926
13 6 56
13 7 68
13 8 31
13 9 46
13 10 73
13 11 92
13 12 44
13 14 310
13 15 12
13 16 15
13 17 11
13 18 443
13 19 68
13 20 40
13 21 3
13 22 54
13 23 563
13 24 10
13 25 13
13 26 5560
13 27 21
13 28 22
13 29 67
13 30 95
13 31 48
13 32 31
13 33 12
13 34 81
13 35 9
13 36 72
13 37 82
13 38 40
13 39 87
13 40 86
13 41 85
13 42 25
13 43 438
13 44 4
13 45 91
13 46 50
13 47 15
13 48 63
13 49 29
13 50 75
13 51 16
13 52 9
13 53 26
13 54 31
13 55 80
13 56 43
13 57 99
13 58 60
13 59 189
13 60 68
13 61 171
13 62 91
13 63 55
13 64 38
13 65 11
13 66 50
13 67 29
13 68 11
13 69 65
13 70 10
13 71 78
13 72 65
13 73 53
13 74 29
13 75 37
13 76 90
13 77 41
13 78 19
13 79 92
13 80 43
13 81 45
13 82 76
13 83 58
13 84 94
13 85 593
13 86 53
13 87 15
13 88 66
13 89 74
13 90 99
13 91 97
13 92 643
13 93 3
13 94 60
13 95 536
13 96 62
13 97 22
13 98 11
13 99 66
13 100 70
14 1 98
14 2 47
14 3 16
14 4 10
14 5 46
14 6 55
14 7 32
14 8 69
14 9 70
14 10 14
14 11 63
14 12 36
14 13 9
14 15 68
14 16 5
14 17 3
14 18 459
14 19 87
14 20 3
14 21 56
14 22 80
14 23 62
14 24 28
14 25 11
14 26 32
14 27 46
14 28 12
14 29 86
14 30 89
14 31 56
14 32 49
14 33 35
14 34 54
14 35 55
14 36 67
14 37 54
14 38 186
14 39 11
14 40 65
14 41 61
14 42 97
14 43 73
14 44 520
14 45 697
14 46 92
14 47 48
14 48 165
14 49 68
14 50 31
14 51 15
14 52 34
14 53 96
14 54 11
14 55 80
14 56 954
14 57 53
14 58 26
14 59 85
14 60 73
14 61 70
14 62 39
14 63 89
14 64 24
14 65 84
14 66 41
14 67 30
14 68 41
14 69 368
14 70 74
14 71 49
14 72 74
14 73 11
14 74 8
14 75 65
14 76 28
14 77 51
14 78 11
14 79 60
14 80 66
14 81 739
14 82 14
14 83 50
14 84 2
14 85 42
14 86 75
14 87 60
14 88 7
14 89 72
14 90 88
14 91 76
14 92 24
14 93 6
14 94 85
14 95 58
14 96 569
14 97 276
14 98 62
14 99 99
14 100 52
15 1 92
15 2 97
15 3 100
15 4 49
15 5 46
15 6 51
15 7 318
15 8 21
15 9 24
15 10 2
15 11 91
15 12 92
15 13 54
15 14 47
15 16 32
15 17 77
15 18 718
15 19 69
15 20 57
15 21 7
15 22 57
15 23 83
15 24 45
15 25 38
15 26 91
15 27 82
15 28 59
15 29 878
15 30 28
15 31 3008
15 32 90
15 33 73
15 34 52
15 35 88
15 36 92
15 37 98
15 38 94
15 39 25
15 40 64
15 41 87
15 42 7
15 43 7
15 44 41
15 45 90
15 46 72
15 47 1
15 48 95
15 49 87
15 50 2054
15 51 10
15 52 14
15 53 34
15 54 10
15 55 51
15 56 57
15 57 77
15 58 3
15 59 53
15 60 40
15 61 15
15 62 745
15 63 929
15 64 29
15 65 50
15 66 76
15 67 18
15 68 71
15 69 52
15 70 22
15 71 63
15 72 37
15 73 62
15 74 30
15 75 33
15 76 83
15 77 85
15 78 65
15 79 68
15 80 14
15 81 4
15 82 18
15 83 96
15 84 74
15 85 77
15 86 87
15 87 75
15 88 73
15 89 88
15 90 98
15 91 18
15 92 66
15 93 20
15 94 82
15 95 68
15 96 2
15 97 2
15 98 47
15 99 98
15 100 330
16 1 95
16 2 68
16 3 56
16 4 69
16 5 90
16 6 58
16 7 47
16 8 3
16 9 33
16 10 96
16 11 95
16 12 79
16 13 63
16 14 22
16 15 95
16 17 45
16 18 46
16 19 7
16 20 63
16 21 803
16 22 34
16 23 11
16 24 42
16 25 50
16 26 38
16 27 83
16 28 5
16 29 91
16 30 85
16 31 18
16 32 83
16 33 48
16 34 65
16 35 92
16 36 89
16 37 59
16 38 75
16 39 1
16 40 83
16 41 57
16 42 66
16 43 45
16 44 20
16 45 927
16 46 81
16 47 646
16 48 39
16 49 72
16 50 50
16 51 61
16 52 88
16 53 4
16 54 5
16 55 69
16 56 41
16 57 31
16 58 60
16 59 309
16 60 100
16 61 41
16 62 44
16 63 73
16 64 48
16 65 45
16 66 5
16 67 235
16 68 22
16 69 48
16 70 82
16 71 74
16 72 19
16 73 47
16 74 87
16 75 34
16 76 75
16 77 4
16 78 91
16 79 413
16 80 17
16 81 13
16 82 100
16 83 267
16 84 128
16 85 31
16 86 41
16 87 46
16 88 88
16 89 9
16 90 7
16 91 48
16 92 21
16 93 63
16 94 99
16 95 343
16 96 27
16 97 93
16 98 91
16 99 29
16 100 88
17 1 7244
17 2 36
17 3 81
17 4 37
17 5 71
17 6 721
17 7 34
17 8 257
17 9 17
17 10 82
17 11 89
17 12 86
17 13 43
17 14 71
17 15 72
17 16 624
17 18 15
17 19 99
17 20 81
17 21 35
17 22 76
17 23 78
17 24 18
17 25 87
17 26 33
17 27 36
17 28 56
17 29 44
17 30 9
17 31 59
17 32 24
17 33 70
17 34 47
17 35 31
17 36 68
17 37 5
17 38 83
17 39 80
17 40 64
17 41 72
17 42 29
17 43 51
17 44 25
17 45 95
17 46 40
17 47 1
17 48 73
17 49 41
17 50 54
17 51 21
17 52 57
17 53 650
17 54 50
17 55 5
17 56 43
17 57 10
17 58 47
17 59 48
17 60 3
17 61 15
17 62 100
17 63 33
17 64 40
17 65 28
17 66 83
17 67 66
17 68 78
17 69 29
17 70 74
17 71 6
17 72 70
17 73 45
17 74 19
17 75 72
17 76 17
17 77 42
17 78 71
17 79 53
17 80 54
17 81 44
17 82 721
17 83 80
17 84 159
17 85 597
17 86 48
17 87 92
17 88 45
17 89 52
17 90 27
17 91 54
17 92 22
17 93 60
17 94 92
17 95 49
17 96 167
17 97 18
17 98 28
17 99 58
17 100 14
18 1 34
18 2 84
18 3 92
18 4 54
18 5 94
18 6 51
18 7 67
18 8 33
18 9 83
18 10 67
18 11 83
18 12 50
18 13 69
18 14 41
18 15 6995
18 16 898
18 17 66
18 19 707
18 20 65
18 21 73
18 22 2
18 23 43
18 24 9
18 25 833
18 26 1360
18 27 49
18 28 32
18 29 59
18 30 100
18 31 18
18 32 50
18 33 23
18 34 31
18 35 79
18 36 80
18 37 19
18 38 49
18 39 93
18 40 38
18 41 2
18 42 93
18 43 55
18 44 8
18 45 94
18 46 44
18 47 98
18 48 67
18 49 79
18 50 63
18 51 17
18 52 24
18 53 68
18 54 78
18 55 33
18 56 39
18 57 38
18 58 1
18 59 97
18 60 77
18 61 86
18 62 31
18 63 91
18 64 24
18 65 55
18 66 7
18 67 46
18 68 99
18 69 83
18 70 4
18 71 57
18 72 53
18 73 45
18 74 24
18 75 70
18 76 65
18 77 75
18 78 2
18 79 331
18 80 4
18 81 29
18 82 74
18 83 181
18 84 42
18 85 46
18 86 98
18 87 59
18 88 95
18 89 238
18 90 15
18 91 58
18 92 21
18 93 96
18 94 70
18 95 13
18 96 25
18 97 9
18 98 24
18 99 59
18 100 31
19 1 53
19 2 59
19 3 6
19 4 24
19 5 76
19 6 62
19 7 67
19 8 330
19 9 12
19 10 567
19 11 36
19 12 91
19 13 65
19 14 107
19 15 2694
19 16 31
19 17 27
19 18 4
19 20 89
19 21 1
19 22 53
19 23 95
19 24 84
19 25 69
19 26 18
19 27 82
19 28 50
19 29 95
19 30 15
19 31 47
19 32 91
19 33 90
19 34 82
19 35 7
19 36 18
19 37 22
19 38 91
19 39 82
19 40 40
19 41 27
19 42 4
19 43 95
19 44 23
19 45 22
19 46 494
19 47 59
19 48 91
19 49 86
19 50 85
19 51 47
19 52 76
19 53 2
19 54 18
19 55 79
19 56 360
19 57 33
19 58 43
19 59 56
19 60 39
19 61 23
19 62 71
19 63 57
19 64 49
19 65 14
19 66 63
19 67 76
19 68 7
19 69 384
19 70 52
19 71 27
19 72 45
19 73 67
19 74 34
19 75 58
19 76 506
19 77 93
19 78 62
19 79 70
19 80 44
19 81 29
19 82 87
19 83 76
19 84 34
19 85 686
19 86 14
19 87 42
19 88 20
19 89 47
19 90 49
19 91 26
19 92 86
19 93 83
19 94 68
19 95 369
19 96 91
19 97 74
19 98 24
19 99 2
19 100 84
20 1 35
20 2 40
20 3 23
20 4 92
20 5 69
20 6 87
20 7 92
20 8 58
20 9 472
20 10 14
20 11 78
20 12 66
20 13 56
20 14 96
20 15 81
20 16 7
20 17 40
20 18 48
20 19 50
20 21 81
20 22 79
20 23 90
20 24 66
20 25 34
20 26 75
20 27 18
20 28 3
20 29 94
20 30 86
20 31 68
20 32 21
20 33 100
20 34 30
20 35 779
20 36 24
20 37 89
20 38 8
20 39 33
20 40 37
20 41 84
20 42 8
20 43 27
20 44 44
20 45 68
20 46 42
20 47 94
20 48 12
20 49 60
20 50 52
20 51 93
20 52 241
20 53 73
20 54 79
20 55 52
20 56 78
20 57 651
20 58 32
20 59 29
20 60 24
20 61 5
20 62 49
20 63 413
20 64 361
20 65 99
20 66 55
20 67 53
20 68 57
20 69 81
20 70 77
20 71 53
20 72 21
20 73 42
20 74 84
20 75 73
20 76 1131
20 77 4279
20 78 89
20 79 39
20 80 214
20 81 41
20 82 71
20 83 90
20 84 353
20 85 32
20 86 863
20 87 100
20 88 38
20 89 25
20 90 60
20 91 39
20 92 60
20 93 73
20 94 58
20 95 21
20 96 1217
20 97 70
20 98 73
20 99 30
20 100 77
21 1 53
21 2 947
21 3 15
21 4 8104
21 5 433
21 6 45
21 7 28
21 8 15
21 9 88
21 10 285
21 11 506
21 12 42
21 13 44
21 14 99
21 15 81
21 16 1
21 17 51
21 18 6932
21 19 79
21 20 51
21 22 29
21 23 59
21 24 74
21 25 32
21 26 68
21 27 67
21 28 28
21 29 74
21 30 362
21 31 19
21 32 726
21 33 87
21 34 67
21 35 89
21 36 21
21 37 65
21 38 73
21 39 61
21 40 67
21 41 21
21 42 85
21 43 29
21 44 52
21 45 959
21 46 23
21 47 44
21 48 36
21 49 14
21 50 98
21 51 12
21 52 53
21 53 74
21 54 60
21 55 92
21 56 77
21 57 87
21 58 62
21 59 34
21 60 66
21 61 52
21 62 363
21 63 45
21 64 76
21 65 9
21 66 31
21 67 98
21 68 38
21 69 21
21 70 154
21 71 52
21 72 44
21 73 6
21 74 21
21 75 45
21 76 20
21 77 97
21 78 94
21 79 31
21 80 20
21 81 297
21 82 91
21 83 7
21 84 40
21 85 40
21 86 21
21 87 3939
21 88 21
21 89 34
21 90 31
21 91 54
21 92 72
21 93 17
21 94 41
21 95 84
21 96 57
21 97 92
21 98 100
21 99 80
21 100 88
22 1 87
22 2 40
22 3 9837
22 4 42
22 5 275
22 6 86
22 7 55
22 8 21
22 9 59
22 10 41
22 11 43
22 12 13
22 13 96
22 14 88
22 15 57
22 16 16
22 17 203
22 18 96
22 19 18
22 20 48
22 21 76
22 23 50
22 24 15
22 25 29
22 26 5
22 27 44
22 28 41
22 29 82
22 30 38
22 31 95
22 32 43
22 33 18
22 34 100
22 35 29
22 36 31
22 37 72
22 38 95
22 39 21
22 40 369
22 41 97
22 42 80
22 43 69
22 44 85
22 45 64
22 46 63
22 47 27
22 48 70
22 49 67
22 50 84
22 51 43
22 52 71
22 53 25
22 54 25
22 55 57
22 56 9
22 57 43
22 58 60
22 59 66
22 60 50
22 61 87
22 62 29
22 63 36
22 64 33
22 65 30
22 66 46
22 67 94
22 68 66
22 69 74
22 70 50
22 71 449
22 72 91
22 73 56
22 74 563
22 75 60
22 76 87
22 77 78
22 78 12
22 79 1
22 80 97
22 81 59
22 82 82
22 83 41
22 84 61
22 85 489
22 86 62
22 87 20
22 88 83
22 89 63
22 90 75
22 91 19
22 92 752
22 93 47
22 94 61
22 95 82
22 96 47
22 97 24
22 98 17
22 99 47
22 100 58
23 1 75
23 2 5
23 3 48
23 4 40
23 5 21
23 6 28
23 7 74
23 8 100
23 9 35
23 10 9
23 11 87
23 12 99
23 13 97
23 14 17
23 15 761
23 16 98
23 17 12
23 18 821
23 19 83
23 20 41
23 21 44
23 22 12
23 24 20
23 25 29
23 26 65
23 27 53
23 28 42
23 29 997
23 30 12
23 31 1635
23 32 30
23 33 4
23 34 16
23 35 92
23 36 43
23 37 23
23 38 15
23 39 82
23 40 71
23 41 8
23 42 3
23 43 70
23 44 25
23 45 67
23 46 9
23 47 50
23 48 58
23 49 94
23 50 44
23 51 20
23 52 43
23 53 73
23 54 32
23 55 10
23 56 77
23 57 76
23 58 10
23 59 53
23 60 10
23 61 82
23 62 50
23 63 56
23 64 33
23 65 44
23 66 76
23 67 3
23 68 4
23 69 13
23 70 42
23 71 19
23 72 21
23 73 51
23 74 48
23 75 180
23 76 20
23 77 16
23 78 77
23 79 37
23 80 98
23 81 26
23 82 158
23 83 51
23 84 25
23 85 4
23 86 4642
23 87 94
23 88 92
23 89 62
23 90 65
23 91 97
23 92 12
23 93 78
23 94 88
23 95 558
23 96 96
23 97 1
23 98 94
23 99 80
23 100 33
24 1 68
24 2 30
24 3 7
24 4 61
24 5 100
24 6 14
24 7 78
24 8 78
24 9 53
24 10 899
24 11 48
24 12 61
24 13 12
24 14 218
24 15 82
24 16 28
24 17 582
24 18 14
24 19 85
24 20 41
24 21 65
24 22 50
24 23 18
24 25 80
24 26 79
24 27 96
24 28 34
24 29 27
24 30 413
24 31 718
24 32 83
24 33 39
24 34 38
24 35 44
24 36 34
24 37 19
24 38 24
24 39 619
24 40 7
24 41 44
24 42 70
24 43 45
24 44 39
24 45 27
24 46 59
24 47 41
24 48 817
24 49 83
24 50 83
24 51 60
24 52 7
24 53 389
24 54 56
24 55 77
24 56 17
24 57 478
24 58 55
24 59 45
24 60 18
24 61 98
24 62 95
24 63 86
24 64 50
24 65 22
24 66 40
24 67 82
24 68 36
24 69 75
24 70 100
24 71 34
24 72 638
24 73 88
24 74 171
24 75 88
24 76 66
24 77 62
24 78 81
24 79 16
24 80 58
24 81 38
24 82 85
24 83 22
24 84 351
24 85 16
24 86 83
24 87 50
24 88 785
24 89 74
24 90 314
24 91 72
24 92 86
24 93 90
24 94 15
24 95 155
24 96 56
24 97 4
24 98 76
24 99 54
24 100 5
25 1 22
25 2 32
25 3 79
25 4 70
25 5 70
25 6 94
25 7 28
25 8 58
25 9 14
25 10 885
25 11 100
25 12 8
25 13 1929
25 14 97
25 15 750
25 16 26
25 17 82
25 18 9
25 19 500
25 20 36
25 21 26
25 22 84
25 23 46
25 24 11
25 26 97
25 27 41
25 28 86
25 29 93
25 30 97
25 31 24
25 32 19
25 33 28
25 34 56
25 35 65
25 36 45
25 37 54
25 38 84
25 39 9
25 40 95
25 41 33
25 42 51
25 43 89
25 44 45
25 45 57
25 46 100
25 47 76
25 48 2
25 49 72
25 50 93
25 51 39
25 52 77
25 53 35
25 54 8
25 55 33
25 56 96
25 57 74
25 58 9373
25 59 74
25 60 29
25 61 498
25 62 66
25 63 44
25 64 6
25 65 23
25 66 92
25 67 59
25 68 13
25 69 86
25 70 8
25 71 83
25 72 55
25 73 96
25 74 10
25 75 10
25 76 31
25 77 48
25 78 16
25 79 89
25 80 94
25 81 55
25 82 28
25 83 82
25 84 47
25 85 76
25 86 81
25 87 70
25 88 93
25 89 68
25 90 65
25 91 100
25 92 218
25 93 8
25 94 70
25 95 21
25 96 657
25 97 77
25 98 99
25 99 22
25 100 48
26 1 843
26 2 41
26 3 15
26 4 76
26 5 445
26 6 49
26 7 26
26 8 56
26 9 48
26 10 28
26 11 60
26 12 22
26 13 95
26 14 968
26 15 98
26 16 4
26 17 98
26 18 45
26 19 898
26 20 781
26 21 4
26 22 18
26 23 79
26 24 95
26 25 36
26 27 58
26 28 62
26 29 61
26 30 98
26 31 260
26 32 55
26 33 86
26 34 88
26 35 18
26 36 6
26 37 68
26 38 7
26 39 55
26 40 16
26 41 226
26 42 90
26 43 56
26 44 91
26 45 51
26 46 339
26 47 854
26 48 87
26 49 80
26 50 75
26 51 63
26 52 72
26 53 547
26 54 89
26 55 85
26 56 467
26 57 61
26 58 26
26 59 3
26 60 79
26 61 94
26 62 24
26 63 57
26 64 16
26 65 66
26 66 17
26 67 734
26 68 77
26 69 19
26 70 33
26 71 13
26 72 24
26 73 72
26 74 95
26 75 88
26 76 40
26 77 80
26 78 53
26 79 29
26 80 99
26 81 36
26 82 82
26 83 28
26 84 6
26 85 17
26 86 43
26 87 29
26 88 96
26 89 9
26 90 20
26 91 99
26 92 83
26 93 940
26 94 96
26 95 5
26 96 20
26 97 563
26 98 24
26 99 48
26 100 30
27 1 449
27 2 42
27 3 56
27 4 48
27 5 32
27 6 21
27 7 86
27 8 74
27 9 41
27 10 46
27 11 35
27 12 33
27 13 67
27 14 63
27 15 80
27 16 31
27 17 829
27 18 79
27 19 82
27 20 10
27 21 28
27 22 95
27 23 66
27 24 80
27 25 35
27 26 72
27 28 23
27 29 91
27 30 27
27 31 18
27 32 99
27 33 32
27 34 26
27 35 435
27 36 100
27 37 2
27 38 31
27 39 47
27 40 29
27 41 68
27 42 16
27 43 46
27 44 60
27 45 95
27 46 79
27 47 79
27 48 69
27 49 37
27 50 53
27 51 7451
27 52 26
27 53 9
27 54 4
27 55 144
27 56 65
27 57 28
27 58 69
27 59 11
27 60 715
27 61 59
27 62 69
27 63 938
27 64 16
27 65 73
27 66 5
27 67 74
27 68 15
27 69 14
27 70 64
27 71 89
27 72 88
27 73 6
27 74 70
27 75 65
27 76 556
27 77 39
27 78 378
27 79 21
27 80 13
27 81 13
27 82 656
27 83 46
27 84 3
27 85 342
27 86 79
27 87 38
27 88 654
27 89 79
27 90 14
27 91 53
27 92 81
27 93 14
27 94 100
27 95 12
27 96 58
27 97 44
27 98 38
27 99 89
27 100 47
28 1 61
28 2 69
28 3 58
28 4 5
28 5 22
28 6 80
28 7 70
28 8 68
28 9 86
28 10 26
28 11 54
28 12 63
28 13 84
28 14 424
28 15 1
28 16 12
28 17 96
28 18 820
28 19 10
28 20 46
28 21 5
28 22 66
28 23 76
28 24 61
28 25 51
28 26 68
28 27 70
28 29 97
28 30 61
28 31 79
28 32 61
28 33 83
28 34 432
28 35 53
28 36 55
28 37 18
28 38 41
28 39 48
28 40 69
28 41 50
28 42 72
28 43 40
28 44 39
28 45 65
28 46 6
28 47 92
28 48 75
28 49 93
28 50 156
28 51 33
28 52 96
28 53 4
28 54 16
28 55 96
28 56 85
28 57 370
28 58 75
28 59 18
28 60 65
28 61 2
28 62 925
28 63 21
28 64 40
28 65 67
28 66 21
28 67 100
28 68 81
28 69 69
28 70 93
28 71 30
28 72 74
28 73 77
28 74 97
28 75 56
28 76 46
28 77 85
28 78 9
28 79 352
28 80 13
28 81 58
28 82 60
28 83 481
28 84 37
28 85 22
28 86 90
28 87 8
28 88 31
28 89 42
28 90 11
28 91 77
28 92 12
28 93 98
28 94 2
28 95 90
28 96 26
28 97 87
28 98 16
28 99 383
28 100 43
29 1 66
29 2 80
29 3 15
29 4 8
29 5 3
29 6 13
29 7 60
29 8 4
29 9 81
29 10 70
29 11 69
29 12 42
29 13 2
29 14 10
29 15 45
29 16 69
29 17 22
29 18 89
29 19 579
29 20 47
29 21 19
29 22 10
29 23 93
29 24 96
29 25 80
29 26 41
29 27 52
29 28 104
29 30 6
29 31 91
29 32 94
29 33 11
29 34 11
29 35 44
29 36 65
29 37 15
29 38 58
29 39 100
29 40 62
29 41 48
29 42 8394
29 43 95
29 44 28
29 45 24
29 46 11
29 47 51
29 48 1
29 49 15
29 50 14
29 51 27
29 52 53
29 53 92
29 54 9
29 55 7
29 56 28
29 57 85
29 58 576
29 59 89
29 60 47
29 61 97
29 62 77
29 63 35
29 64 67
29 65 51
29 66 90
29 67 4
29 68 365
29 69 1
29 70 57
29 71 48
29 72 24
29 73 77
29 74 76
29 75 87
29 76 33
29 77 24
29 78 85
29 79 44
29 80 66
29 81 34
29 82 72
29 83 86
29 84 97
29 85 97
29 86 19
29 87 77
29 88 82
29 89 17
29 90 81
29 91 82
29 92 58
29 93 92
29 94 35
29 95 78
29 96 69
29 97 26
29 98 51
29 99 84
29 100 83
30 1 68
30 2 45
30 3 1
30 4 91
30 5 76
30 6 71
30 7 58
30 8 28
30 9 31
30 10 64
30 11 79
30 12 84
30 13 70
30 14 13
30 15 15
30 16 78
30 17 71
30 18 863
30 19 37
30 20 35
30 21 37
30 22 24
30 23 54
30 24 91
30 25 242
30 26 84
30 27 55
30 28 457
30 29 87
30 31 82
30 32 56
30 33 97
30 34 91
30 35 8
30 36 49
30 37 53
30 38 15
30 39 23
30 40 9
30 41 370
30 42 73
30 43 23
30 44 28
30 45 47
30 46 17
30 47 85
30 48 97
30 49 15
30 50 61
30 51 30
30 52 60
30 53 15
30 54 45
30 55 91
30 56 85
30 57 3
30 58 54
30 59 90
30 60 58
30 61 98
30 62 17
30 63 93
30 64 98
30 65 75
30 66 82
30 67 64
30 68 74
30 69 94
30 70 234
30 71 68
30 72 26
30 73 46
30 74 6
30 75 49
30 76 100
30 77 69
30 78 9
30 79 92
30 80 5
30 81 625
30 82 13
30 83 6
30 84 28
30 85 32
30 86 17
30 87 68
30 88 40
30 89 46
30 90 69
30 91 91
30 92 48
30 93 177
30 94 641
30 95 50
30 96 941
30 97 18
30 98 51
30 99 42
30 100 87
31 1 15
31 2 880
31 3 66
31 4 20
31 5 41
31 6 50
31 7 36
31 8 69
31 9 3
31 10 64
31 11 62
31 12 30
31 13 55
31 14 129
31 15 60
31 16 88
31 17 75
31 18 76
31 19 58
31 20 34
31 21 39
31 22 751
31 23 69
31 24 52
31 25 26
31 26 95
31 27 79
31 28 6
31 29 22
31 30 97
31 32 15
31 33 40
31 34 32
31 35 83
31 36 1
31 37 80
31 38 11
31 39 84
31 40 51
31 41 54
31 42 27
31 43 72
31 44 115
31 45 16
31 46 3083
31 47 40
31 48 89
31 49 83
31 50 11
31 51 77
31 52 12
31 53 42
31 54 3
31 55 94
31 56 86
31 57 48
31 58 52
31 59 26
31 60 19
31 61 66
31 62 3
31 63 74
31 64 56
31 65 434
31 66 94
31 67 68
31 68 73
31 69 75
31 70 67
31 71 78
31 72 3
31 73 55
31 74 82
31 75 13
31 76 22
31 77 93
31 78 21
31 79 9
31 80 7
31 81 81
31 82 89
31 83 99
31 84 42
31 85 79
31 86 39
31 87 42
31 88 22
31 89 28
31 90 41
31 91 49
31 92 29
31 93 34
31 94 74
31 95 484
31 96 82
31 97 50
31 98 79
31 99 41
31 100 93
32 1 9
32 2 91
32 3 69
32 4 91
32 5 24
32 6 68
32 7 27
32 8 5
32 9 74
32 10 27
32 11 8
32 12 21
32 13 6
32 14 98
32 15 916
32 16 86
32 17 5
32 18 49
32 19 13
32 20 99
32 21 32
32 22 46
32 23 894
32 24 8
32 25 58
32 26 1
32 27 34
32 28 57
32 29 33
32 30 30
32 31 329
32 33 15
32 34 82
32 35 88
32 36 74
32 37 75
32 38 70
32 39 31
32 40 14
32 41 77
32 42 38
32 43 189
32 44 824
32 45 34
32 46 98
32 47 46
32 48 2
32 49 37
32 50 13
32 51 652
32 52 63
32 53 70
32 54 61
32 55 28
32 56 6
32 57 87
32 58 65
32 59 11
32 60 90
32 61 94
32 62 55
32 63 36
32 64 54
32 65 48
32 66 60
32 67 3
32 68 211
32 69 42
32 70 72
32 71 94
32 72 952
32 73 69
32 74 70
32 75 38
32 76 98
32 77 70
32 78 24
32 79 65
32 80 64
32 81 53
32 82 11
32 83 881
32 84 36
32 85 46
32 86 14
32 87 43
32 88 31
32 89 98
32 90 28
32 91 9
32 92 39
32 93 63
32 94 51
32 95 50
32 96 47
32 97 339
32 98 91
32 99 88
32 100 19
33 1 89
33 2 14
33 3 6876
33 4 66
33 5 72
33 6 88
33 7 62
33 8 52
33 9 96
33 10 87
33 11 8
33 12 77
33 13 13
33 14 15
33 15 43
33 16 21
33 17 2
33 18 33
33 19 51
33 20 75
33 21 10
33 22 98
33 23 29
33 24 20
33 25 61
33 26 77
33 27 21
33 28 26
33 29 43
33 30 26
33 31 708
33 32 913
33 34 55
33 35 4
33 36 75
33 37 77
33 38 9089
33 39 23
33 40 80
33 41 83
33 42 96
33 43 39
33 44 74
33 45 54
33 46 98
33 47 19
33 48 44
33 49 3
33 50 56
33 51 51
33 52 76
33 53 93
33 54 69
33 55 29
33 56 26
33 57 27
33 58 46
33 59 64
33 60 610
33 61 20
33 62 97
33 63 33
33 64 61
33 65 69
33 66 532
33 67 56
33 68 19
33 69 45
33 70 34
33 71 34
33 72 20
33 73 86
33 74 143
33 75 90
33 76 37
33 77 86
33 78 4
33 79 41
33 80 96
33 81 13
33 82 25
33 83 33
33 84 95
33 85 66
33 86 81
33 87 47
33 88 21
33 89 43
33 90 98
33 91 49
33 92 94
33 93 753
33 94 74
33 95 93
33 96 100
33 97 543
33 98 73
33 99 47
33 100 2
34 1 86
34 2 89
34 3 75
34 4 92
34 5 1
34 6 94
34 7 39
34 8 44
34 9 74
34 10 74
34 11 36
34 12 72
34 13 69
34 14 52
34 15 40
34 16 868
34 17 8
34 18 75
34 19 27
34 20 325
34 21 191
34 22 78
34 23 12
34 24 18
34 25 61
34 26 3
34 27 90
34 28 46
34 29 1011
34 30 48
34 31 56
34 32 38
34 33 65
34 35 82
34 36 94
34 37 36
34 38 27
34 39 75
34 40 41
34 41 96
34 42 16
34 43 73
34 44 40
34 45 7
34 46 42
34 47 8
34 48 20
34 49 53
34 50 71
34 51 5
34 52 63
34 53 84
34 54 70
34 55 98
34 56 13
34 57 34
34 58 73
34 59 51
34 60 81
34 61 24
34 62 89
34 63 91
34 64 530
34 65 100
34 66 77
34 67 391
34 68 64
34 69 73
34 70 67
34 71 19
34 72 69
34 73 13
34 74 51
34 75 7
34 76 19
34 77 30
34 78 4131
34 79 330
34 80 20
34 81 89
34 82 2
34 83 19
34 84 17
34 85 76
34 86 76
34 87 92
34 88 41
34 89 9
34 90 18
34 91 30
34 92 74
34 93 73
34 94 56
34 95 2512
34 96 53
34 97 77
34 98 32
34 99 25
34 100 23
35 1 83
35 2 38
35 3 82
35 4 21
35 5 63
35 6 95
35 7 47
35 8 22
35 9 84
35 10 79
35 11 33
35 12 35
35 13 79
35 14 220
35 15 57
35 16 477
35 17 54
35 18 18
35 19 17
35 20 66
35 21 66
35 22 64
35 23 77
35 24 107
35 25 54
35 26 69
35 27 7947
35 28 38
35 29 6
35 30 52
35 31 53
35 32 69
35 33 36
35 34 63
35 36 55
35 37 37
35 38 19
35 39 31
35 40 99
35 41 491
35 42 11
35 43 37
35 44 76
35 45 12
35 46 11
35 47 9
35 48 37
35 49 89
35 50 59
35 51 63
35 52 62
35 53 34
35 54 46
35 55 49
35 56 7
35 57 31
35 58 78
35 59 99
35 60 838
35 61 14
35 62 8
35 63 59
35 64 708
35 65 53
35 66 19
35 67 15
35 68 627
35 69 40
35 70 25
35 71 320
35 72 27
35 73 86
35 74 65
35 75 68
35 76 69
35 77 77
35 78 395
35 79 19
35 80 36
35 81 57
35 82 13
35 83 18
35 84 738
35 85 64
35 86 60
35 87 100
35 88 17
35 89 88
35 90 70
35 91 60
35 92 68
35 93 70
35 94 63
35 95 27
35 96 84
35 97 43
35 98 6
35 99 30
35 100 79
36 1 51
36 2 86
36 3 88
36 4 58
36 5 620
36 6 37
36 7 34
36 8 65
36 9 100
36 10 88
36 11 18
36 12 27
36 13 99
36 14 63
36 15 72
36 16 51
36 17 424
36 18 34
36 19 30
36 20 71
36 21 81
36 22 84
36 23 64
36 24 35
36 25 52
36 26 440
36 27 27
36 28 12
36 29 99
36 30 62
36 31 66
36 32 234
36 33 12
36 34 11
36 35 26
36 37 39
36 38 54
36 39 87
36 40 13
36 41 54
36 42 91
36 43 82
36 44 827
36 45 56
36 46 29
36 47 53
36 48 68
36 49 69
36 50 13
36 51 864
36 52 22
36 53 44
36 54 42
36 55 71
36 56 55
36 57 56
36 58 31
36 59 86
36 60 47
36 61 36
36 62 86
36 63 72
36 64 211
36 65 52
36 66 15
36 67 76
36 68 52
36 69 487
36 70 87
36 71 728
36 72 71
36 73 97
36 74 37
36 75 22
36 76 42
36 77 32
36 78 51
36 79 4
36 80 66
36 81 258
36 82 21
36 83 67
36 84 7
36 85 61
36 86 54
36 87 79
36 88 91
36 89 51
36 90 24
36 91 53
36 92 231
36 93 75
36 94 89
36 95 13
36 96 67
36 97 8
36 98 69
36 99 757
36 100 49
37 1 15
37 2 55
37 3 62
37 4 84
37 5 30
37 6 27
37 7 166
37 8 13
37 9 48
37 10 53
37 11 94
37 12 90
37 13 47
37 14 299
37 15 65
37 16 45
37 17 18
37 18 35
37 19 100
37 20 76
37 21 720
37 22 60
37 23 99
37 24 91
37 25 59
37 26 67
37 27 69
37 28 69
37 29 492
37 30 38
37 31 36
37 32 63
37 33 2
37 34 91
37 35 28
37 36 86
37 38 665
37 39 36
37 40 73
37 41 7006
37 42 95
37 43 79
37 44 67
37 45 30
37 46 48
37 47 77
37 48 51
37 49 16
37 50 493
37 51 712
37 52 74
37 53 60
37 54 56
37 55 94
37 56 25
37 57 67
37 58 20
37 59 97
37 60 71
37 61 24
37 62 38
37 63 23
37 64 49
37 65 67
37 66 53
37 67 48
37 68 76
37 69 38
37 70 7
37 71 1
37 72 14
37 73 61
37 74 65
37 75 75
37 76 41
37 77 35
37 78 39
37 79 40
37 80 1
37 81 42
37 82 96
37 83 60
37 84 965
37 85 12
37 86 91
37 87 94
37 88 92
37 89 79
37 90 50
37 91 36
37 92 92
37 93 55
37 94 94
37 95 81
37 96 18
37 97 88
37 98 88
37 99 75
37 100 23
38 1 70
38 2 3
38 3 84
38 4 71
38 5 92
38 6 290
38 7 76
38 8 73
38 9 1163
38 10 94
38 11 86
38 12 77
38 13 48
38 14 31
38 15 96
38 16 15
38 17 66
38 18 75
38 19 8
38 20 30
38 21 7
38 22 72
38 23 89
38 24 47
38 25 57
38 26 28
38 27 10
38 28 371
38 29 65
38 30 68
38 31 80
38 32 86
38 33 58
38 34 43
38 35 506
38 36 40
38 37 11
38 39 74
38 40 92
38 41 651
38 42 20
38 43 49
38 44 61
38 45 48
38 46 41
38 47 74
38 48 37
38 49 88
38 50 96
38 51 85
38 52 52
38 53 82
38 54 37
38 55 9
38 56 55
38 57 30
38 58 55
38 59 32
38 60 33
38 61 11
38 62 37
38 63 80
38 64 77
38 65 9
38 66 64
38 67 12
38 68 84
38 69 53
38 70 79
38 71 710
38 72 18
38 73 46
38 74 397
38 75 680
38 76 40
38 77 4
38 78 98
38 79 33
38 80 13
38 81 86
38 82 81
38 83 80
38 84 26
38 85 28
38 86 96
38 87 77
38 88 54
38 89 47
38 90 25
38 91 96
38 92 6
38 93 17
38 94 20
38 95 27
38 96 57
38 97 80
38 98 93
38 99 100
38 100 28
39 1 64
39 2 4
39 3 50
39 4 92
39 5 507
39 6 22
39 7 58
39 8 15
39 9 89
39 10 62
39 11 86
39 12 71
39 13 8
39 14 24
39 15 6
39 16 1
39 17 66
39 18 92
39 19 7
39 20 38
39 21 89
39 22 27
39 23 83
39 24 496
39 25 11
39 26 2
39 27 24
39 28 52
39 29 87
39 30 100
39 31 61
39 32 97
39 33 30
39 34 22
39 35 6
39 36 63
39 37 93
39 38 55
39 40 5
39 41 85
39 42 35
39 43 29
39 44 85
39 45 57
39 46 98
39 47 33
39 48 92
39 49 62
39 50 47
39 51 694
39 52 24
39 53 91
39 54 22
39 55 57
39 56 450
39 57 35
39 58 18
39 59 77
39 60 28
39 61 2
39 62 87
39 63 26
39 64 66
39 65 80
39 66 50
39 67 34
39 68 22
39 69 24
39 70 86
39 71 25
39 72 16
39 73 35
39 74 57
39 75 6
39 76 44
39 77 77
39 78 57
39 79 95
39 80 18
39 81 401
39 82 21
39 83 62
39 84 47
39 85 522
39 86 30
39 87 83
39 88 19
39 89 72
39 90 61
39 91 56
39 92 5
39 93 86
39 94 71
39 95 41
39 96 71
39 97 859
39 98 66
39 99 18
39 100 31
40 1 70
40 2 98
40 3 90
40 4 61
40 5 41
40 6 69
40 7 25
40 8 39
40 9 46
40 10 214
40 11 21
40 12 9
40 13 417
40 14 57
40 15 25
40 16 89
40 17 92
40 18 14
40 19 77
40 20 19
40 21 77
40 22 47
40 23 57
40 24 44
40 25 44
40 26 3
40 27 84
40 28 8
40 29 17
40 30 95
40 31 1
40 32 68
40 33 21
40 34 37
40 35 321
40 36 50
40 37 95
40 38 482
40 39 34
40 41 80
40 42 73
40 43 97
40 44 75
40 45 58
40 46 15
40 47 884
40 48 27
40 49 271
40 50 27
40 51 18
40 52 43
40 53 89
40 54 62
40 55 9723
40 56 12
40 57 29
40 58 65
40 59 584
40 60 76
40 61 84
40 62 26
40 63 9
40 64 61
40 65 430
40 66 38
40 67 95
40 68 72
40 69 87
40 70 86
40 71 75
40 72 33
40 73 54
40 74 98
40 75 79
40 76 15
40 77 160
40 78 105
40 79 88
40 80 86
40 81 98
40 82 64
40 83 26
40 84 15
40 85 30
40 86 85
40 87 26
40 88 317
40 89 25
40 90 99
40 91 59
40 92 22
40 93 57
40 94 23
40 95 219
40 96 28
40 97 10
40 98 91
40 99 54
40 100 100
41 1 243
41 2 62
41 3 15
41 4 75
41 5 41
41 6 85
41 7 58
41 8 16
41 9 39
41 10 65
41 11 19
41 12 89
41 13 58
41 14 18
41 15 569
41 16 30
41 17 607
41 18 14
41 19 18
41 20 46
41 21 56
41 22 41
41 23 49
41 24 11
41 25 288
41 26 87
41 27 99
41 28 821
41 29 98
41 30 87
41 31 87
41 32 26
41 33 55
41 34 43
41 35 16
41 36 10
41 37 953
41 38 8
41 39 377
41 40 540
41 42 571
41 43 61
41 44 28
41 45 11
41 46 75
41 47 41
41 48 14
41 49 26
41 50 8
41 51 81
41 52 78
41 53 8
41 54 16
41 55 7
41 56 43
41 57 33
41 58 15
41 59 67
41 60 71
41 61 5
41 62 41
41 63 85
41 64 25
41 65 54
41 66 45
41 67 78
41 68 46
41 69 37
41 70 64
41 71 6369
41 72 112
41 73 42
41 74 46
41 75 199
41 76 10
41 77 11
41 78 75
41 79 45
41 80 55
41 81 89
41 82 36
41 83 78
41 84 31
41 85 32
41 86 78
41 87 82
41 88 12
41 89 72
41 90 32
41 91 100
41 92 78
41 93 92
41 94 54
41 95 67
41 96 67
41 97 57
41 98 90
41 99 53
41 100 72
42 1 92
42 2 49
42 3 21
42 4 88
42 5 176
42 6 74
42 7 74
42 8 578
42 9 53
42 10 19
42 11 67
42 12 74
42 13 2
42 14 57
42 15 37
42 16 23
42 17 148
42 18 82
42 19 334
42 20 8
42 21 48
42 22 28
42 23 35
42 24 23
42 25 38
42 26 39
42 27 77
42 28 98
42 29 2
42 30 542
42 31 51
42 32 33
42 33 36
42 34 94
42 35 8
42 36 31
42 37 23
42 38 784
42 39 403
42 40 28
42 41 93
42 43 37
42 44 46
42 45 90
42 46 53
42 47 87
42 48 8
42 49 79
42 50 93
42 51 73
42 52 5
42 53 975
42 54 83
42 55 78
42 56 44
42 57 31
42 58 35
42 59 83
42 60 27
42 61 13
42 62 26
42 63 95
42 64 17
42 65 61
42 66 36
42 67 99
42 68 69
42 69 32
42 70 29
42 71 53
42 72 5
42 73 87
42 74 89
42 75 20
42 76 66
42 77 99
42 78 15
42 79 16
42 80 922
42 81 19
42 82 55
42 83 24
42 84 30
42 85 21
42 86 15
42 87 7
42 88 54
42 89 52
42 90 67
42 91 7
42 92 50
42 93 38
42 94 35
42 95 75
42 96 74
42 97 18
42 98 26
42 99 42
42 100 8
43 1 912
43 2 52
43 3 87
43 4 49
43 5 1
43 6 59
43 7 84
43 8 74
43 9 25
43 10 366
43 11 14
43 12 32
43 13 74
43 14 42
43 15 59
43 16 14
43 17 14
43 18 19
43 19 73
43 20 74
43 21 51
43 22 82
43 23 85
43 24 77
43 25 59
43 26 47
43 27 721
43 28 67
43 29 74
43 30 92
43 31 93
43 32 94
43 33 55
43 34 23
43 35 100
43 36 15
43 37 88
43 38 9
43 39 97
43 40 18
43 41 19
43 42 92
43 44 13
43 45 70
43 46 25
43 47 23
43 48 20
43 49 93
43 50 49
43 51 79
43 52 11
43 53 59
43 54 40
43 55 48
43 56 980
43 57 809
43 58 61
43 59 84
43 60 30
43 61 52
43 62 46
43 63 48
43 64 71
43 65 63
43 66 5
43 67 77
43 68 44
43 69 70
43 70 81
43 71 70
43 72 16
43 73 16
43 74 30
43 75 87
43 76 15
43 77 751
43 78 292
43 79 88
43 80 73
43 81 8619
43 82 16
43 83 63
43 84 32
43 85 48
43 86 86
43 87 15
43 88 39
43 89 12
43 90 55
43 91 35
43 92 99
43 93 78
43 94 7
43 95 83
43 96 58
43 97 28
43 98 19
43 99 14
43 100 43
44 1 16
44 2 36
44 3 99
44 4 91
44 5 49
44 6 48
44 7 71
44 8 2
44 9 100
44 10 3
44 11 43
44 12 59
44 13 362
44 14 19
44 15 38
44 16 81
44 17 51
44 18 66
44 19 4
44 20 99
44 21 53
44 22 80
44 23 261
44 24 8
44 25 8902
44 26 35
44 27 66
44 28 67
44 29 58
44 30 416
44 31 73
44 32 59
44 33 93
44 34 16
44 35 68
44 36 36
44 37 86
44 38 16
44 39 91
44 40 60
44 41 102
44 42 44
44 43 22
44 45 54
44 46 373
44 47 35
44 48 72
44 49 78
44 50 68
44 51 24
44 52 34
44 53 1
44 54 41
44 55 116
44 56 31
44 57 21
44 58 52
44 59 94
44 60 2
44 61 74
44 62 174
44 63 33
44 64 88
44 65 30
44 66 47
44 67 84
44 68 50
44 69 90
44 70 44
44 71 6
44 72 77
44 73 94
44 74 41
44 75 32
44 76 52
44 77 90
44 78 80
44 79 92
44 80 11
44 81 14
44 82 58
44 83 28
44 84 766
44 85 39
44 86 614
44 87 50
44 88 12
44 89 35
44 90 75
44 91 61
44 92 1
44 93 94
44 94 97
44 95 96
44 96 33
44 97 41
44 98 92
44 99 57
44 100 46
45 1 19
45 2 24
45 3 62
45 4 48
45 5 10
45 6 1
45 7 11
45 8 71
45 9 16
45 10 98
45 11 39
45 12 64
45 13 34
45 14 87
45 15 53
45 16 40
45 17 1
45 18 71
45 19 93
45 20 74
45 21 67
45 22 90
45 23 7
45 24 72
45 25 59
45 26 48
45 27 433
45 28 25
45 29 100
45 30 23
45 31 12
45 32 80
45 33 39
45 34 814
45 35 690
45 36 55
45 37 72
45 38 65
45 39 142
45 40 89
45 41 6
45 42 23
45 43 73
45 44 97
45 46 66
45 47 670
45 48 951
45 49 32
45 50 98
45 51 98
45 52 72
45 53 5
45 54 49
45 55 50
45 56 49
45 57 31
45 58 25
45 59 66
45 60 10
45 61 11
45 62 87
45 63 44
45 64 9
45 65 84
45 66 94
45 67 84
45 68 98
45 69 51
45 70 48
45 71 58
45 72 33
45 73 63
45 74 566
45 75 72
45 76 22
45 77 4
45 78 79
45 79 27
45 80 87
45 81 134
45 82 33
45 83 2376
45 84 86
45 85 99
45 86 16
45 87 33
45 88 44
45 89 67
45 90 29
45 91 3
45 92 46
45 93 873
45 94 1018
45 95 431
45 96 984
45 97 22
45 98 78
45 99 385
45 100 15
46 1 50
46 2 28
46 3 2
46 4 63
46 5 62
46 6 69
46 7 63
46 8 95
46 9 6
46 10 22
46 11 80
46 12 30
46 13 18
46 14 96
46 15 69
46 16 92
46 17 92
46 18 92
46 19 18
46 20 948
46 21 38
46 22 95
46 23 3
46 24 59
46 25 11
46 26 78
46 27 12
46 28 100
46 29 3
46 30 65
46 31 81
46 32 45
46 33 77
46 34 12
46 35 2
46 36 29
46 37 53
46 38 62
46 39 73
46 40 86
46 41 17
46 42 26
46 43 635
46 44 26
46 45 835
46 47 58
46 48 91
46 49 9
46 50 88
46 51 30
46 52 769
46 53 57
46 54 85
46 55 21
46 56 11
46 57 76
46 58 39
46 59 42
46 60 66
46 61 53
46 62 31
46 63 75
46 64 47
46 65 46
46 66 9
46 67 21
46 68 75
46 69 730
46 70 73
46 71 99
46 72 48
46 73 56
46 74 100
46 75 88
46 76 61
46 77 26
46 78 8
46 79 826
46 80 394
46 81 80
46 82 99
46 83 720
46 84 33
46 85 14
46 86 67
46 87 74
46 88 32
46 89 88
46 90 100
46 91 74
46 92 29
46 93 16
46 94 62
46 95 93
46 96 82
46 97 48
46 98 22
46 99 36
46 100 72
47 1 11
47 2 55
47 3 89
47 4 79
47 5 76
47 6 21
47 7 56
47 8 76
47 9 28
47 10 336
47 11 55
47 12 62
47 13 73
47 14 57
47 15 79
47 16 21
47 17 31
47 18 31
47 19 28
47 20 19
47 21 90
47 22 61
47 23 75
47 24 96
47 25 9
47 26 94
47 27 62
47 28 64
47 29 89
47 30 45
47 31 20
47 32 70
47 33 97
47 34 91
47 35 82
47 36 4
47 37 5
47 38 30
47 39 86
47 40 164
47 41 5744
47 42 54
47 43 13
47 44 72
47 45 704
47 46 365
47 48 81
47 49 86
47 50 56
47 51 51
47 52 82
47 53 963
47 54 67
47 55 12
47 56 39
47 57 39
47 58 43
47 59 27
47 60 11
47 61 87
47 62 63
47 63 16
47 64 25
47 65 61
47 66 584
47 67 83
47 68 56
47 69 79
47 70 16
47 71 71
47 72 24
47 73 16
47 74 212
47 75 90
47 76 746
47 77 8
47 78 13
47 79 2
47 80 41
47 81 17
47 82 42
47 83 80
47 84 50
47 85 78
47 86 64
47 87 2
47 88 61
47 89 87
47 90 38
47 91 47
47 92 72
47 93 82
47 94 26
47 95 37
47 96 24
47 97 5
47 98 61
47 99 99
47 100 86
48 1 4
48 2 66
48 3 73
48 4 41
48 5 24
48 6 33
48 7 55
48 8 53
48 9 24
48 10 2
48 11 38
48 12 14
48 13 43
48 14 79
48 15 83
48 16 5
48 17 83
48 18 22
48 19 78
48 20 94
48 21 49
48 22 38
48 23 91
48 24 31
48 25 45
48 26 30
48 27 75
48 28 52
48 29 544
48 30 79
48 31 53
48 32 57
48 33 15
48 34 147
48 35 57
48 36 60
48 37 82
48 38 62
48 39 97
48 40 74
48 41 69
48 42 74
48 43 19
48 44 59
48 45 25
48 46 38
48 47 22
48 49 20
48 50 790
48 51 6
48 52 16
48 53 62
48 54 100
48 55 83
48 56 72
48 57 68
48 58 25
48 59 1
48 60 8
48 61 42
48 62 78
48 63 49
48 64 54
48 65 827
48 66 44
48 67 92
48 68 51
48 69 2
48 70 25
48 71 20
48 72 27
48 73 61
48 74 61
48 75 86
48 76 95
48 77 90
48 78 74
48 79 31
48 80 51
48 81 44
48 82 48
48 83 60
48 84 100
48 85 13
48 86 5
48 87 40
48 88 302
48 89 36
48 90 41
48 91 20
48 92 65
48 93 88
48 94 64
48 95 73
48 96 5
48 97 66
48 98 92
48 99 59
48 100 31
49 1 48
49 2 9
49 3 26
49 4 386
49 5 70
49 6 890
49 7 41
49 8 99
49 9 78
49 10 22
49 11 96
49 12 55
49 13 63
49 14 8
49 15 679
49 16 62
49 17 23
49 18 43
49 19 45
49 20 48
49 21 93
49 22 85
49 23 46
49 24 82
49 25 40
49 26 9
49 27 27
49 28 72
49 29 80
49 30 26
49 31 48
49 32 49
49 33 28
49 34 74
49 35 797
49 36 42
49 37 34
49 38 80
49 39 24
49 40 7
49 41 19
49 42 86
49 43 38
49 44 14
49 45 7
49 46 26
49 47 7
49 48 42
49 50 88
49 51 18
49 52 168
49 53 44
49 54 76
49 55 50
49 56 91
49 57 43
49 58 4
49 59 173
49 60 948
49 61 81
49 62 19
49 63 23
49 64 47
49 65 36
49 66 72
49 67 53
49 68 84
49 69 91
49 70 687
49 71 57
49 72 3
49 73 6
49 74 97
49 75 37
49 76 96
49 77 868
49 78 10
49 79 59
49 80 5
49 81 27
49 82 96
49 83 751
49 84 6
49 85 48
49 86 26
49 87 98
49 88 49
49 89 72
49 90 14
49 91 41
49 92 40
49 93 86
49 94 5
49 95 21
49 96 18
49 97 33
49 98 94
49 99 25
49 100 4
50 1 89
50 2 11
50 3 55
50 4 29
50 5 30
50 6 24
50 7 67
50 8 72
50 9 85
50 10 18
50 11 33
50 12 481
50 13 82
50 14 91
50 15 7326
50 16 58
50 17 60
50 18 60
50 19 997
50 20 10
50 21 65
50 22 7
50 23 523
50 24 67
50 25 13
50 26 1
50 27 7
50 28 67
50 29 60
50 30 28
50 31 2
50 32 15
50 33 8
50 34 21
50 35 22
50 36 45
50 37 77
50 38 65
50 39 6824
50 40 85
50 41 17
50 42 75
50 43 79
50 44 300
50 45 27
50 46 791
50 47 22
50 48 2
50 49 15
50 51 122
50 52 86
50 53 21
50 54 66
50 55 54
50 56 99
50 57 26
50 58 63
50 59 43
50 60 58
50 61 63
50 62 905
50 63 47
50 64 908
50 65 77
50 66 89
50 67 22
50 68 32
50 69 43
50 70 57
50 71 100
50 72 64
50 73 35
50 74 50
50 75 13
50 76 83
50 77 87
50 78 86
50 79 12
50 80 33
50 81 27
50 82 74
50 83 72
50 84 94
50 85 397
50 86 90
50 87 19
50 88 764
50 89 79
50 90 97
50 91 26
50 92 73
50 93 400
50 94 6
50 95 29
50 96 56
50 97 14
50 98 91
50 99 39
50 100 23
51 1 136
51 2 90
51 3 13
51 4 16
51 5 88
51 6 34
51 7 36
51 8 79
51 9 31
51 10 8
51 11 4
51 12 92
51 13 7
51 14 54
51 15 55
51 16 37
51 17 8
51 18 7
51 19 37
51 20 50
51 21 62
51 22 58
51 23 9
51 24 12
51 25 30
51 26 63
51 27 81
51 28 3
51 29 71
51 30 44
51 31 22
51 32 67
51 33 24
51 34 21
51 35 99
51 36 6
51 37 7
51 38 15
51 39 74
51 40 58
51 41 52
51 42 58
51 43 74
51 44 49
51 45 455
51 46 45
51 47 79
51 48 21
51 49 62
51 50 45
51 52 64
51 53 81
51 54 75
51 55 93
51 56 80
51 57 6
51 58 185
51 59 548
51 60 11
51 61 481
51 62 49
51 63 55
51 64 82
51 65 94
51 66 74
51 67 37
51 68 29
51 69 88
51 70 64
51 71 73
51 72 43
51 73 58
51 74 94
51 75 815
51 76 99
51 77 21
51 78 159
51 79 10
51 80 65
51 81 32
51 82 23
51 83 88
51 84 87
51 85 73
51 86 94
51 87 83
51 88 78
51 89 97
51 90 56
51 91 51
51 92 97
51 93 54
51 94 18
51 95 1272
51 96 64
51 97 86
51 98 42
51 99 52
51 100 67
52 1 37
52 2 82
52 3 37
52 4 84
52 5 66
52 6 7
52 7 928
52 8 51
52 9 14
52 10 87
52 11 1
52 12 101
52 13 69
52 14 9
52 15 13
52 16 86
52 17 15
52 18 911
52 19 49
52 20 86
52 21 86
52 22 13
52 23 69
52 24 93
52 25 70
52 26 75
52 27 48
52 28 7
52 29 52
52 30 50
52 31 27
52 32 41
52 33 92
52 34 372
52 35 15
52 36 20
52 37 82
52 38 90
52 39 58
52 40 71
52 41 98
52 42 86
52 43 9
52 44 7
52 45 3
52 46 65
52 47 699
52 48 81
52 49 13
52 50 49
52 51 25
52 53 93
52 54 49
52 55 62
52 56 42
52 57 13
52 58 89
52 59 50
52 60 49
52 61 3
52 62 80
52 63 7
52 64 13
52 65 779
52 66 236
52 67 44
52 68 67
52 69 47
52 70 10
52 71 51
52 72 63
52 73 57
52 74 26
52 75 30
52 76 16
52 77 95
52 78 743
52 79 76
52 80 64
52 81 4
52 82 48
52 83 6
52 84 92
52 85 50
52 86 92
52 87 74
52 88 64
52 89 738
52 90 48
52 91 10
52 92 78
52 93 64
52 94 82
52 95 4
52 96 35
52 97 852
52 98 28
52 99 72
52 100 54
53 1 85
53 2 90
53 3 79
53 4 24
53 5 76
53 6 25
53 7 376
53 8 17
53 9 3
53 10 1
53 11 40
53 12 93
53 13 95
53 14 92
53 15 99
53 16 45
53 17 63
53 18 11
53 19 55
53 20 27
53 21 62
53 22 33
53 23 71
53 24 44
53 25 894
53 26 10
53 27 73
53 28 1
53 29 6
53 30 86
53 31 44
53 32 36
53 33 18
53 34 7
53 35 1
53 36 72
53 37 77
53 38 47
53 39 59
53 40 98
53 41 68
53 42 69
53 43 85
53 44 82
53 45 41
53 46 605
53 47 23
53 48 9
53 49 58
53 50 11
53 51 19
53 52 36
53 54 19
53 55 25
53 56 66
53 57 18
53 58 25
53 59 56
53 60 42
53 61 30
53 62 67
53 63 49
53 64 899
53 65 4
53 66 89
53 67 47
53 68 9
53 69 21
53 70 17
53 71 67
53 72 75
53 73 79
53 74 6799
53 75 46
53 76 77
53 77 84
53 78 43
53 79 93
53 80 86
53 81 67
53 82 18
53 83 1
53 84 46
53 85 1
53 86 82
53 87 25
53 88 76
53 89 14
53 90 4313
53 91 88
53 92 61
53 93 3
53 94 81
53 95 22
53 96 82
53 97 78
53 98 19
53 99 9
53 100 101
54 1 16
54 2 75
54 3 949
54 4 293
54 5 84
54 6 431
54 7 127
54 8 98
54 9 26
54 10 54
54 11 85
54 12 85
54 13 82
54 14 5
54 15 33
54 16 100
54 17 277
54 18 42
54 19 60
54 20 284
54 21 657
54 22 90
54 23 81
54 24 77
54 25 47
54 26 88
54 27 32
54 28 23
54 29 7
54 30 34
54 31 683
54 32 75
54 33 59
54 34 31
54 35 46
54 36 76
54 37 12
54 38 30
54 39 66
54 40 22
54 41 520
54 42 97
54 43 89
54 44 71
54 45 81
54 46 42
54 47 88
54 48 17
54 49 29
54 50 20
54 51 66
54 52 47
54 53 83
54 55 82
54 56 87
54 57 56
54 58 77
54 59 12
54 60 987
54 61 92
54 62 51
54 63 95
54 64 20
54 65 45
54 66 39
54 67 57
54 68 66
54 69 61
54 70 1
54 71 88
54 72 6
54 73 89
54 74 69
54 75 80
54 76 33
54 77 298
54 78 95
54 79 15
54 80 90
54 81 58
54 82 54
54 83 38
54 84 90
54 85 85
54 86 57
54 87 60
54 88 11
54 89 40
54 90 34
54 91 273
54 92 47
54 93 27
54 94 21
54 95 75
54 96 25
54 97 194
54 98 40
54 99 36
54 100 340
55 1 46
55 2 10
55 3 96
55 4 92
55 5 61
55 6 73
55 7 85
55 8 130
55 9 34
55 10 7
55 11 73
55 12 100
55 13 1848
55 14 55
55 15 345
55 16 20
55 17 72
55 18 3
55 19 81
55 20 54
55 21 94
55 22 78
55 23 26
55 24 32
55 25 487
55 26 74
55 27 15
55 28 825
55 29 62
55 30 37
55 31 52
55 32 87
55 33 1682
55 34 50
55 35 38
55 36 5
55 37 2
55 38 283
55 39 81
55 40 52
55 41 94
55 42 1
55 43 15
55 44 71
55 45 48
55 46 59
55 47 46
55 48 31
55 49 28
55 50 51
55 51 62
55 52 6
55 53 33
55 54 224
55 56 91
55 57 804
55 58 74
55 59 53
55 60 76
55 61 57
55 62 94
55 63 34
55 64 71
55 65 34
55 66 94
55 67 6
55 68 51
55 69 52
55 70 99
55 71 61
55 72 71
55 73 55
55 74 8818
55 75 59
55 76 85
55 77 37
55 78 39
55 79 47
55 80 45
55 81 14
55 82 78
55 83 24
55 84 659
55 85 68
55 86 36
55 87 36
55 88 469
55 89 56
55 90 89
55 91 66
55 92 78
55 93 14
55 94 950
55 95 834
55 96 73
55 97 6
55 98 31
55 99 323
55 100 22
56 1 87
56 2 22
56 3 53
56 4 15
56 5 807
56 6 92
56 7 86
56 8 50
56 9 612
56 10 20
56 11 100
56 12 76
56 13 37
56 14 30
56 15 30
56 16 18
56 17 76
56 18 843
56 19 16
56 20 525
56 21 96
56 22 92
56 23 54
56 24 39
56 25 537
56 26 55
56 27 64
56 28 43
56 29 76
56 30 23
56 31 60
56 32 44
56 33 75
56 34 844
56 35 23
56 36 77
56 37 82
56 38 55
56 39 53
56 40 56
56 41 31
56 42 17
56 43 20
56 44 33
56 45 4
56 46 47
56 47 74
56 48 20
56 49 583
56 50 69
56 51 80
56 52 49
56 53 21
56 54 80
56 55 54
56 57 48
56 58 44
56 59 88
56 60 53
56 61 24
56 62 59
56 63 42
56 64 69
56 65 21
56 66 62
56 67 9
56 68 55
56 69 681
56 70 18
56 71 88
56 72 12
56 73 89
56 74 28
56 75 48
56 76 84
56 77 84
56 78 1
56 79 42
56 80 40
56 81 40
56 82 155
56 83 44
56 84 87
56 85 70
56 86 26
56 87 91
56 88 11
56 89 16
56 90 66
56 91 52
56 92 2
56 93 87
56 94 71
56 95 3
56 96 80
56 97 78
56 98 65
56 99 51
56 100 18
57 1 108
57 2 22
57 3 5026
57 4 10
57 5 72
57 6 81
57 7 712
57 8 20
57 9 530
57 10 95
57 11 587
57 12 127
57 13 76
57 14 86
57 15 8
57 16 70
57 17 50
57 18 14
57 19 5
57 20 72
57 21 21
57 22 57
57 23 691
57 24 72
57 25 64
57 26 60
57 27 88
57 28 79
57 29 74
57 30 81
57 31 14
57 32 13
57 33 24
57 34 52
57 35 21
57 36 71
57 37 73
57 38 30
57 39 18
57 40 83
57 41 98
57 42 89
57 43 29
57 44 16
57 45 896
57 46 2
57 47 60
57 48 76
57 49 99
57 50 76
57 51 76
57 52 60
57 53 8
57 54 18
57 55 48
57 56 87
57 58 57
57 59 79
57 60 52
57 61 65
57 62 59
57 63 16
57 64 48
57 65 6
57 66 53
57 67 34
57 68 25
57 69 10
57 70 916
57 71 8391
57 72 25
57 73 95
57 74 84
57 75 23
57 76 56
57 77 27
57 78 77
57 79 50
57 80 83
57 81 41
57 82 22
57 83 41
57 84 93
57 85 232
57 86 1182
57 87 75
57 88 19
57 89 76
57 90 878
57 91 12
57 92 54
57 93 30
57 94 97
57 95 6
57 96 70
57 97 35
57 98 31
57 99 74
57 100 326
58 1 20
58 2 63
58 3 63
58 4 68
58 5 81
58 6 84
58 7 60
58 8 84
58 9 50
58 10 55
58 11 60
58 12 84
58 13 7
58 14 995
58 15 95
58 16 25
58 17 43
58 18 12
58 19 544
58 20 59
58 21 82
58 22 707
58 23 96
58 24 65
58 25 42
58 26 8
58 27 25
58 28 95
58 29 92
58 30 90
58 31 15
58 32 4
58 33 8
58 34 20
58 35 13
58 36 82
58 37 83
58 38 28
58 39 11
58 40 12
58 41 22
58 42 77
58 43 50
58 44 47
58 45 29
58 46 12
58 47 94
58 48 20
58 49 42
58 50 54
58 51 36
58 52 5
58 53 72
58 54 52
58 55 43
58 56 21
58 57 61
58 59 55
58 60 41
58 61 41
58 62 6
58 63 67
58 64 220
58 65 97
58 66 92
58 67 6386
58 68 98
58 69 52
58 70 81
58 71 25
58 72 19
58 73 65
58 74 44
58 75 21
58 76 81
58 77 85
58 78 5
58 79 86
58 80 47
58 81 43
58 82 16
58 83 24
58 84 92
58 85 12
58 86 57
58 87 19
58 88 55
58 89 52
58 90 63
58 91 91
58 92 36
58 93 54
58 94 31
58 95 63
58 96 15
58 97 83
58 98 37
58 99 75
58 100 87
59 1 30
59 2 39
59 3 38
59 4 3318
59 5 673
59 6 50
59 7 61
59 8 81
59 9 76
59 10 94
59 11 32
59 12 15
59 13 19
59 14 46
59 15 100
59 16 67
59 17 39
59 18 65
59 19 27
59 20 2
59 21 84
59 22 17
59 23 45
59 24 13
59 25 69
59 26 38
59 27 100
59 28 86
59 29 58
59 30 46
59 31 16
59 32 100
59 33 19
59 34 34
59 35 97
59 36 16
59 37 57
59 38 6
59 39 33
59 40 71
59 41 51
59 42 72
59 43 70
59 44 364
59 45 99
59 46 9
59 47 64
59 48 88
59 49 73
59 50 82
59 51 42
59 52 29
59 53 60
59 54 25
59 55 60
59 56 97
59 57 22
59 58 75
59 60 24
59 61 28
59 62 73
59 63 25
59 64 1
59 65 67
59 66 40
59 67 48
59 68 96
59 69 90
59 70 74
59 71 93
59 72 52
59 73 27
59 74 34
59 75 317
59 76 97
59 77 20
59 78 95
59 79 98
59 80 60
59 81 23
59 82 82
59 83 7
59 84 93
59 85 40
59 86 65
59 87 61
59 88 85
59 89 79
59 90 60
59 91 214
59 92 17
59 93 43
59 94 63
59 95 13
59 96 10
59 97 87
59 98 626
59 99 22
59 100 8
60 1 35
60 2 81
60 3 32
60 4 33
60 5 46
60 6 77
60 7 84
60 8 70
60 9 41
60 10 97
60 11 84
60 12 36
60 13 86
60 14 29
60 15 68
60 16 99
60 17 3
60 18 98
60 19 52
60 20 100
60 21 673
60 22 748
60 23 55
60 24 37
60 25 67
60 26 75
60 27 826
60 28 62
60 29 10
60 30 88
60 31 17
60 32 66
60 33 63
60 34 88
60 35 940
60 36 71
60 37 51
60 38 40
60 39 94
60 40 1945
60 41 45
60 42 45
60 43 59
60 44 40
60 45 473
60 46 10
60 47 20
60 48 12
60 49 99
60 50 73
60 51 49
60 52 61
60 53 11
60 54 814
60 55 47
60 56 15
60 57 47
60 58 2
60 59 1
60 61 18
60 62 17
60 63 64
60 64 7
60 65 452
60 66 75
60 67 48
60 68 45
60 69 98
60 70 100
60 71 80
60 72 85
60 73 36
60 74 21
60 75 51
60 76 249
60 77 28
60 78 8
60 79 168
60 80 35
60 81 71
60 82 63
60 83 87
60 84 45
60 85 33
60 86 97
60 87 15
60 88 80
60 89 55
60 90 89
60 91 56
60 92 35
60 93 55
60 94 64
60 95 18
60 96 68
60 97 52
60 98 100
60 99 94
60 100 52
61 1 334
61 2 77
61 3 47
61 4 87
61 5 79
61 6 47
61 7 76
61 8 418
61 9 87
61 10 93
61 11 68
61 12 43
61 13 74
61 14 65
61 15 59
61 16 25
61 17 75
61 18 47
61 19 23
61 20 13
61 21 8
61 22 54
61 23 6
61 24 64
61 25 15
61 26 5
61 27 82
61 28 75
61 29 11
61 30 47
61 31 57
61 32 59
61 33 436
61 34 66
61 35 46
61 36 113
61 37 75
61 38 17
61 39 44
61 40 45
61 41 75
61 42 12
61 43 26
61 44 50
61 45 7
61 46 595
61 47 855
61 48 10
61 49 71
61 50 2
61 51 75
61 52 6
61 53 386
61 54 79
61 55 37
61 56 84
61 57 12
61 58 8
61 59 816
61 60 84
61 62 77
61 63 3
61 64 52
61 65 80
61 66 20
61 67 12
61 68 37
61 69 63
61 70 17
61 71 7
61 72 42
61 73 12
61 74 58
61 75 57
61 76 146
61 77 2
61 78 80
61 79 67
61 80 43
61 81 44
61 82 74
61 83 72
61 84 23
61 85 63
61 86 25
61 87 15
61 88 72
61 89 19
61 90 32
61 91 50
61 92 31
61 93 66
61 94 54
61 95 5
61 96 63
61 97 93
61 98 47
61 99 94
61 100 63
62 1 45
62 2 16
62 3 15
62 4 58
62 5 17
62 6 10
62 7 21
62 8 10
62 9 25
62 10 91
62 11 44
62 12 88
62 13 34
62 14 646
62 15 7
62 16 98
62 17 99
62 18 85
62 19 6
62 20 97
62 21 53
62 22 33
62 23 42
62 24 783
62 25 70
62 26 70
62 27 44
62 28 8
62 29 3
62 30 47
62 31 60
62 32 81
62 33 82
62 34 79
62 35 59
62 36 78
62 37 97
62 38 10
62 39 99
62 40 85
62 41 89
62 42 66
62 43 47
62 44 58
62 45 18
62 46 25
62 47 91
62 48 84
62 49 76
62 50 82
62 51 77
62 52 96
62 53 33
62 54 18
62 55 96
62 56 50
62 57 88
62 58 46
62 59 100
62 60 33
62 61 74
62 63 162
62 64 62
62 65 67
62 66 7
62 67 36
62 68 10
62 69 19
62 70 12
62 71 45
62 72 91
62 73 53
62 74 43
62 75 84
62 76 10
62 77 48
62 78 90
62 79 85
62 80 42
62 81 15
62 82 100
62 83 92
62 84 6734
62 85 21
62 86 21
62 87 44
62 88 59
62 89 27
62 90 75
62 91 76
62 92 45
62 93 26
62 94 18
62 95 51
62 96 95
62 97 58
62 98 18
62 99 580
62 100 89
63 1 40
63 2 96
63 3 58
63 4 19
63 5 77
63 6 22
63 7 11
63 8 50
63 9 78
63 10 43
63 11 570
63 12 59
63 13 79
63 14 35
63 15 74
63 16 10
63 17 278
63 18 386
63 19 77
63 20 14
63 21 95
63 22 95
63 23 854
63 24 20
63 25 38
63 26 47
63 27 59
63 28 14
63 29 33
63 30 78
63 31 66
63 32 89
63 33 99
63 34 65
63 35 229
63 36 85
63 37 68
63 38 625
63 39 700
63 40 56
63 41 767
63 42 36
63 43 90
63 44 100
63 45 4
63 46 5
63 47 59
63 48 365
63 49 486
63 50 190
63 51 12
63 52 6
63 53 88
63 54 32
63 55 60
63 56 95
63 57 26
63 58 61
63 59 78
63 60 135
63 61 3
63 62 61
63 64 75
63 65 496
63 66 81
63 67 89
63 68 82
63 69 88
63 70 1
63 71 622
63 72 12
63 73 9
63 74 7
63 75 85
63 76 38
63 77 31
63 78 56
63 79 84
63 80 821
63 81 65
63 82 87
63 83 84
63 84 232
63 85 50
63 86 29
63 87 67
63 88 94
63 89 85
63 90 53
63 91 100
63 92 100
63 93 27
63 94 99
63 95 41
63 96 34
63 97 183
63 98 80
63 99 13
63 100 60
64 1 91
64 2 62
64 3 66
64 4 50
64 5 86
64 6 72
64 7 80
64 8 677
64 9 57
64 10 87
64 11 35
64 12 6
64 13 26
64 14 2
64 15 42
64 16 6
64 17 94
64 18 4
64 19 21
64 20 56
64 21 58
64 22 65
64 23 32
64 24 2
64 25 93
64 26 55
64 27 37
64 28 7
64 29 40
64 30 9
64 31 71
64 32 55
64 33 95
64 34 35
64 35 75
64 36 11
64 37 74
64 38 76
64 39 64
64 40 63
64 41 78
64 42 73
64 43 30
64 44 66
64 45 13
64 46 63
64 47 563
64 48 85
64 49 19
64 50 27
64 51 84
64 52 19
64 53 96
64 54 84
64 55 50
64 56 47
64 57 35
64 58 61
64 59 73
64 60 62
64 61 43
64 62 20
64 63 56
64 65 551
64 66 527
64 67 98
64 68 83
64 69 73
64 70 82
64 71 16
64 72 41
64 73 36
64 74 30
64 75 18
64 76 45
64 77 783
64 78 42
64 79 14
64 80 66
64 81 13
64 82 73
64 83 71
64 84 94
64 85 685
64 86 28
64 87 975
64 88 100
64 89 87
64 90 18
64 91 70
64 92 12
64 93 4
64 94 44
64 95 12
64 96 20
64 97 49
64 98 52
64 99 90
64 100 993
65 1 7
65 2 98
65 3 27
65 4 6
65 5 57
65 6 43
65 7 25
65 8 99
65 9 47
65 10 40
65 11 74
65 12 65
65 13 50
65 14 99
65 15 8
65 16 22
65 17 37
65 18 1
65 19 85
65 20 23
65 21 90
65 22 76
65 23 62
65 24 28
65 25 4
65 26 50
65 27 31
65 28 4
65 29 36
65 30 30
65 31 78
65 32 16
65 33 25
65 34 625
65 35 99
65 36 9220
65 37 12
65 38 63
65 39 85
65 40 47
65 41 28
65 42 92
65 43 62
65 44 67
65 45 66
65 46 50
65 47 19
65 48 20
65 49 4
65 50 84
65 51 51
65 52 54
65 53 39
65 54 89
65 55 129
65 56 973
65 57 911
65 58 97
65 59 60
65 60 96
65 61 84
65 62 59
65 63 72
65 64 86
65 66 9
65 67 22
65 68 85
65 69 74
65 70 35
65 71 869
65 72 99
65 73 55
65 74 94
65 75 16
65 76 32
65 77 67
65 78 2
65 79 53
65 80 29
65 81 82
65 82 905
65 83 42
65 84 772
65 85 74
65 86 87
65 87 99
65 88 90
65 89 9
65 90 67
65 91 74
65 92 41
65 93 97
65 94 13
65 95 50
65 96 59
65 97 79
65 98 43
65 99 97
65 100 12
66 1 26
66 2 87
66 3 85
66 4 92
66 5 54
66 6 77
66 7 69
66 8 789
66 9 16
66 10 30
66 11 80
66 12 60
66 13 763
66 14 9
66 15 42
66 16 78
66 17 60
66 18 97
66 19 11
66 20 65
66 21 31
66 22 63
66 23 24
66 24 60
66 25 63
66 26 93
66 27 40
66 28 35
66 29 63
66 30 635
66 31 18
66 32 126
66 33 28
66 34 93
66 35 15
66 36 72
66 37 37
66 38 92
66 39 11
66 40 16
66 41 69
66 42 73
66 43 43
66 44 64
66 45 24
66 46 231
66 47 574
66 48 9248
66 49 47
66 50 40
66 51 73
66 52 41
66 53 9
66 54 15
66 55 23
66 56 63
66 57 72
66 58 45
66 59 56
66 60 35
66 61 23
66 62 59
66 63 51
66 64 98
66 65 90
66 67 57
66 68 13
66 69 38
66 70 462
66 71 30
66 72 62
66 73 99
66 74 43
66 75 63
66 76 5
66 77 794
66 78 85
66 79 7
66 80 98
66 81 29
66 82 95
66 83 33
66 84 34
66 85 31
66 86 85
66 87 49
66 88 8623
66 89 39
66 90 10
66 91 579
66 92 19
66 93 62
66 94 440
66 95 58
66 96 42
66 97 93
66 98 42
66 99 60
66 100 44
67 1 57
67 2 57
67 3 94
67 4 51
67 5 46
67 6 39
67 7 39
67 8 46
67 9 85
67 10 15
67 11 867
67 12 67
67 13 45
67 14 18
67 15 82
67 16 45
67 17 11
67 18 984
67 19 41
67 20 501
67 21 62
67 22 11
67 23 76
67 24 786
67 25 91
67 26 21
67 27 82
67 28 99
67 29 914
67 30 673
67 31 5
67 32 44
67 33 12
67 34 56
67 35 962
67 36 92
67 37 83
67 38 4
67 39 63
67 40 85
67 41 67
67 42 45
67 43 33
67 44 20
67 45 74
67 46 87
67 47 17
67 48 356
67 49 79
67 50 92
67 51 898
67 52 73
67 53 91
67 54 66
67 55 17
67 56 42
67 57 41
67 58 23
67 59 72
67 60 79
67 61 10
67 62 71
67 63 51
67 64 87
67 65 23
67 66 30
67 68 81
67 69 2
67 70 25
67 71 31
67 72 42
67 73 1
67 74 46
67 75 5
67 76 45
67 77 18
67 78 43
67 79 48
67 80 33
67 81 38
67 82 46
67 83 10
67 84 6
67 85 72
67 86 53
67 87 43
67 88 33
67 89 68
67 90 131
67 91 70
67 92 32
67 93 52
67 94 45
67 95 881
67 96 39
67 97 10
67 98 48
67 99 499
67 100 68
68 1 99
68 2 42
68 3 444
68 4 573
68 5 66
68 6 57
68 7 17
68 8 44
68 9 32
68 10 72
68 11 85
68 12 49
68 13 71
68 14 31
68 15 7
68 16 3
68 17 1
68 18 93
68 19 90
68 20 80
68 21 59
68 22 45
68 23 18
68 24 70
68 25 25
68 26 65
68 27 55
68 28 3
68 29 4
68 30 7
68 31 79
68 32 84
68 33 34
68 34 51
68 35 9614
68 36 56
68 37 93
68 38 69
68 39 73
68 40 241
68 41 655
68 42 63
68 43 844
68 44 45
68 45 39
68 46 1
68 47 625
68 48 56
68 49 44
68 50 35
68 51 7
68 52 99
68 53 46
68 54 85
68 55 91
68 56 67
68 57 15
68 58 57
68 59 64
68 60 74
68 61 89
68 62 42
68 63 100
68 64 34
68 65 812
68 66 69
68 67 11
68 69 51
68 70 25
68 71 67
68 72 28
68 73 72
68 74 47
68 75 26
68 76 43
68 77 98
68 78 86
68 79 51
68 80 29
68 81 5
68 82 57
68 83 24
68 84 78
68 85 19
68 86 86
68 87 54
68 88 79
68 89 33
68 90 48
68 91 841
68 92 75
68 93 71
68 94 20
68 95 79
68 96 437
68 97 80
68 98 44
68 99 930
68 100 14
69 1 6
69 2 16
69 3 4
69 4 12
69 5 83
69 6 94
69 7 577
69 8 41
69 9 17
69 10 98
69 11 56
69 12 21
69 13 38
69 14 74
69 15 22
69 16 7
69 17 96
69 18 166
69 19 54
69 20 841
69 21 739
69 22 51
69 23 8
69 24 7
69 25 82
69 26 80
69 27 49
69 28 92
69 29 83
69 30 49
69 31 59
69 32 4
69 33 74
69 34 63
69 35 30
69 36 93
69 37 78
69 38 4
69 39 90
69 40 31
69 41 62
69 42 16
69 43 78
69 44 819
69 45 93
69 46 16
69 47 8
69 48 10
69 49 48
69 50 74
69 51 374
69 52 88
69 53 32
69 54 32
69 55 49
69 56 738
69 57 788
69 58 49
69 59 73
69 60 51
69 61 76
69 62 30
69 63 100
69 64 99
69 65 6
69 66 46
69 67 67
69 68 32
69 70 7
69 71 16
69 72 1
69 73 82
69 74 38
69 75 91
69 76 25
69 77 36
69 78 57
69 79 34
69 80 87
69 81 12
69 82 97
69 83 46
69 84 78
69 85 60
69 86 8
69 87 33
69 88 13
69 89 58
69 90 40
69 91 88
69 92 46
69 93 17
69 94 38
69 95 23
69 96 91
69 97 28
69 98 26
69 99 192
69 100 56
70 1 75
70 2 884
70 3 70
70 4 44
70 5 100
70 6 12
70 7 28
70 8 51
70 9 41
70 10 7
70 11 49
70 12 95
70 13 7
70 14 35
70 15 1
70 16 10
70 17 85
70 18 88
70 19 23
70 20 12
70 21 93
70 22 26
70 23 9
70 24 46
70 25 90
70 26 73
70 27 62
70 28 63
70 29 23
70 30 27
70 31 78
70 32 76
70 33 1000
70 34 33
70 35 71
70 36 77
70 37 235
70 38 25
70 39 78
70 40 86
70 41 92
70 42 6
70 43 76
70 44 60
70 45 36
70 46 89
70 47 39
70 48 58
70 49 15
70 50 75
70 51 9
70 52 22
70 53 81
70 54 7
70 55 3
70 56 91
70 57 22
70 58 1
70 59 12
70 60 543
70 61 29
70 62 40
70 63 63
70 64 189
70 65 69
70 66 36
70 67 23
70 68 54
70 69 10
70 71 51
70 72 74
70 73 40
70 74 39
70 75 266
70 76 32
70 77 74
70 78 12
70 79 91
70 80 45
70 81 53
70 82 26
70 83 925
70 84 93
70 85 11
70 86 64
70 87 74
70 88 78
70 89 47
70 90 25
70 91 67
70 92 708
70 93 84
70 94 60
70 95 29
70 96 56
70 97 1
70 98 72
70 99 27
70 100 29
71 1 25
71 2 88
71 3 72
71 4 67
71 5 831
71 6 889
71 7 91
71 8 65
71 9 20
71 10 85
71 11 41
71 12 87
71 13 40
71 14 54
71 15 18
71 16 11
71 17 6
71 18 28
71 19 59
71 20 60
71 21 55
71 22 36
71 23 330
71 24 79
71 25 70
71 26 6
71 27 98
71 28 80
71 29 93
71 30 88
71 31 93
71 32 90
71 33 66
71 34 7
71 35 4
71 36 754
71 37 992
71 38 73
71 39 702
71 40 22
71 41 80
71 42 17
71 43 44
71 44 76
71 45 643
71 46 24
71 47 83
71 48 64
71 49 68
71 50 28
71 51 30
71 52 54
71 53 70
71 54 81
71 55 39
71 56 24
71 57 12
71 58 29
71 59 52
71 60 8
71 61 61
71 62 53
71 63 243
71 64 41
71 65 51
71 66 78
71 67 97
71 68 51
71 69 34
71 70 13
71 72 74
71 73 84
71 74 96
71 75 6
71 76 74
71 77 45
71 78 26
71 79 14
71 80 71
71 81 852
71 82 49
71 83 164
71 84 56
71 85 83
71 86 59
71 87 9
71 88 28
71 89 37
71 90 16
71 91 3
71 92 66
71 93 28
71 94 277
71 95 26
71 96 68
71 97 47
71 98 47
71 99 85
71 100 73
72 1 85
72 2 11
72 3 88
72 4 100
72 5 94
72 6 69
72 7 98
72 8 74
72 9 73
72 10 37
72 11 65
72 12 319
72 13 74
72 14 29
72 15 40
72 16 580
72 17 17
72 18 97
72 19 29
72 20 51
72 21 446
72 22 80
72 23 71
72 24 21
72 25 11
72 26 61
72 27 61
72 28 16
72 29 76
72 30 13
72 31 56
72 32 27
72 33 37
72 34 89
72 35 34
72 36 194
72 37 465
72 38 698
72 39 4
72 40 25
72 41 89
72 42 64
72 43 42
72 44 82
72 45 63
72 46 52
72 47 36
72 48 42
72 49 376
72 50 42
72 51 71
72 52 16
72 53 13
72 54 37
72 55 52
72 56 95
72 57 9
72 58 4
72 59 65
72 60 19
72 61 55
72 62 74
72 63 23
72 64 84
72 65 2
72 66 13
72 67 11
72 68 59
72 69 40
72 70 77
72 71 48
72 73 9
72 74 68
72 75 74
72 76 95
72 77 4
72 78 14
72 79 22
72 80 40
72 81 91
72 82 61
72 83 24
72 84 93
72 85 50
72 86 95
72 87 7
72 88 72
72 89 42
72 90 60
72 91 84
72 92 70
72 93 66
72 94 1824
72 95 977
72 96 29
72 97 10
72 98 59
72 99 23
72 100 559
73 1 92
73 2 66
73 3 56
73 4 22
73 5 37
73 6 68
73 7 11
73 8 82
73 9 31
73 10 20
73 11 32
73 12 37
73 13 18
73 14 21
73 15 100
73 16 32
73 17 1
73 18 55
73 19 485
73 20 47
73 21 17
73 22 45
73 23 42
73 24 32
73 25 68
73 26 34
73 27 25
73 28 1
73 29 45
73 30 89
73 31 74
73 32 12
73 33 63
73 34 901
73 35 56
73 36 67
73 37 67
73 38 47
73 39 93
73 40 87
73 41 74
73 42 94
73 43 71
73 44 120
73 45 3
73 46 12
73 47 33
73 48 54
73 49 93
73 50 29
73 51 98
73 52 83
73 53 195
73 54 61
73 55 65
73 56 65
73 57 100
73 58 30
73 59 32
73 60 21
73 61 69
73 62 96
73 63 27
73 64 81
73 65 73
73 66 36
73 67 28
73 68 94
73 69 60
73 70 690
73 71 19
73 72 2
73 74 23
73 75 93
73 76 61
73 77 336
73 78 32
73 79 88
73 80 27
73 81 76
73 82 32
73 83 91
73 84 13
73 85 25
73 86 88
73 87 40
73 88 44
73 89 28
73 90 13
73 91 175
73 92 59
73 93 95
73 94 58
73 95 99
73 96 777
73 97 94
73 98 75
73 99 38
73 100 910
74 1 2
74 2 31
74 3 75
74 4 65
74 5 67
74 6 6
74 7 98
74 8 390
74 9 82
74 10 66
74 11 60
74 12 84
74 13 95
74 14 95
74 15 13
74 16 40
74 17 15
74 18 80
74 19 74
74 20 11
74 21 81
74 22 43
74 23 6
74 24 84
74 25 15
74 26 23
74 27 75
74 28 62
74 29 884
74 30 73
74 31 89
74 32 57
74 33 72
74 34 61
74 35 43
74 36 83
74 37 31
74 38 2
74 39 74
74 40 2
74 41 9
74 42 96
74 43 74
74 44 39
74 45 77
74 46 45
74 47 78
74 48 985
74 49 48
74 50 82
74 51 82
74 52 66
74 53 89
74 54 75
74 55 39
74 56 81
74 57 23
74 58 40
74 59 32
74 60 89
74 61 50
74 62 50
74 63 43
74 64 53
74 65 42
74 66 30
74 67 62
74 68 61
74 69 72
74 70 536
74 71 22
74 72 97
74 73 553
74 75 83
74 76 64
74 77 8
74 78 61
74 79 91
74 80 19
74 81 874
74 82 100
74 83 75
74 84 82
74 85 57
74 86 51
74 87 45
74 88 6
74 89 44
74 90 49
74 91 19
74 92 38
74 93 410
74 94 32
74 95 43
74 96 69
74 97 38
74 98 67
74 99 49
74 100 92
75 1 31
75 2 77
75 3 52
75 4 129
75 5 67
75 6 239
75 7 51
75 8 31
75 9 43
75 10 16
75 11 25
75 12 8
75 13 25
75 14 72
75 15 71
75 16 48
75 17 32
75 18 68
75 19 36
75 20 43
75 21 63
75 22 45
75 23 30
75 24 88
75 25 81
75 26 71
75 27 267
75 28 83
75 29 40
75 30 23
75 31 63
75 32 60
75 33 34
75 34 31
75 35 73
75 36 58
75 37 60
75 38 42
75 39 23
75 40 3
75 41 72
75 42 88
75 43 54
75 44 65
75 45 48
75 46 51
75 47 13
75 48 21
75 49 51
75 50 14
75 51 45
75 52 69
75 53 81
75 54 77
75 55 49
75 56 76
75 57 234
75 58 10
75 59 55
75 60 73
75 61 16
75 62 39
75 63 15
75 64 384
75 65 12
75 66 28
75 67 39
75 68 12
75 69 16
75 70 26
75 71 87
75 72 100
75 73 131
75 74 820
75 76 34
75 77 21
75 78 509
75 79 974
75 80 77
75 81 64
75 82 83
75 83 31
75 84 55
75 85 14
75 86 98
75 87 39
75 88 13
75 89 52
75 90 41
75 91 29
75 92 87
75 93 10
75 94 8
75 95 30
75 96 50
75 97 78
75 98 18
75 99 59
75 100 7
76 1 12
76 2 32
76 3 40
76 4 501
76 5 74
76 6 496
76 7 97
76 8 7
76 9 18
76 10 31
76 11 99
76 12 72
76 13 75
76 14 30
76 15 98
76 16 31
76 17 84
76 18 5
76 19 39
76 20 61
76 21 97
76 22 82
76 23 49
76 24 94
76 25 43
76 26 85
76 27 32
76 28 139
76 29 51
76 30 449
76 31 89
76 32 49
76 33 22
76 34 94
76 35 55
76 36 14
76 37 100
76 38 115
76 39 1
76 40 90
76 41 374
76 42 62
76 43 40
76 44 6
76 45 8
76 46 41
76 47 64
76 48 16
76 49 32
76 50 88
76 51 71
76 52 94
76 53 55
76 54 9
76 55 85
76 56 20
76 57 96
76 58 76
76 59 34
76 60 91
76 61 39
76 62 3
76 63 84
76 64 16
76 65 14
76 66 79
76 67 23
76 68 749
76 69 19
76 70 80
76 71 90
76 72 90
76 73 90
76 74 6
76 75 61
76 77 18
76 78 81
76 79 5
76 80 48
76 81 39
76 82 21
76 83 18
76 84 53
76 85 16
76 86 93
76 87 51
76 88 997
76 89 94
76 90 41
76 91 95
76 92 43
76 93 46
76 94 5
76 95 90
76 96 82
76 97 81
76 98 76
76 99 92
76 100 24
77 1 56
77 2 67
77 3 87
77 4 56
77 5 57
77 6 74
77 7 59
77 8 44
77 9 81
77 10 40
77 11 48
77 12 902
77 13 680
77 14 61
77 15 59
77 16 52
77 17 26
77 18 13
77 19 6
77 20 78
77 21 28
77 22 94
77 23 84
77 24 19
77 25 75
77 26 47
77 27 56
77 28 23
77 29 59
77 30 71
77 31 23
77 32 51
77 33 19
77 34 4
77 35 9
77 36 58
77 37 59
77 38 81
77 39 73
77 40 31
77 41 98
77 42 89
77 43 76
77 44 87
77 45 94
77 46 70
77 47 99
77 48 25
77 49 93
77 50 73
77 51 19
77 52 23
77 53 77
77 54 47
77 55 73
77 56 79
77 57 47
77 58 47
77 59 95
77 60 81
77 61 19
77 62 76
77 63 790
77 64 820
77 65 87
77 66 590
77 67 1398
77 68 12
77 69 842
77 70 62
77 71 73
77 72 98
77 73 40
77 74 13
77 75 5
77 76 23
77 78 90
77 79 366
77 80 404
77 81 35
77 82 49
77 83 35
77 84 262
77 85 12
77 86 43
77 87 83
77 88 32
77 89 100
77 90 2
77 91 37
77 92 75
77 93 41
77 94 48
77 95 90
77 96 8
77 97 55
77 98 26
77 99 39
77 100 87
78 1 244
78 2 938
78 3 91
78 4 41
78 5 559
78 6 97
78 7 87
78 8 27
78 9 44
78 10 27
78 11 36
78 12 32
78 13 1
78 14 16
78 15 125
78 16 82
78 17 72
78 18 83
78 19 77
78 20 72
78 21 36
78 22 49
78 23 54
78 24 11
78 25 10
78 26 85
78 27 80
78 28 39
78 29 73
78 30 26
78 31 273
78 32 32
78 33 95
78 34 21
78 35 1
78 36 52
78 37 29
78 38 43
78 39 87
78 40 98
78 41 29
78 42 66
78 43 96
78 44 624
78 45 88
78 46 19
78 47 84
78 48 82
78 49 44
78 50 42
78 51 24
78 52 47
78 53 70
78 54 118
78 55 931
78 56 32
78 57 18
78 58 87
78 59 4
78 60 34
78 61 18
78 62 70
78 63 99
78 64 92
78 65 21
78 66 671
78 67 18
78 68 57
78 69 297
78 70 48
78 71 99
78 72 79
78 73 15
78 74 25
78 75 63
78 76 88
78 77 30
78 79 18
78 80 24
78 81 60
78 82 45
78 83 16
78 84 34
78 85 28
78 86 62
78 87 68
78 88 11
78 89 90
78 90 19
78 91 69
78 92 46
78 93 1
78 94 18
78 95 22
78 96 43
78 97 4238
78 98 71
78 99 67
78 100 51
79 1 21
79 2 379
79 3 69
79 4 24
79 5 22
79 6 645
79 7 16
79 8 80
79 9 57
79 10 62
79 11 97
79 12 33
79 13 88
79 14 829
79 15 30
79 16 19
79 17 31
79 18 870
79 19 53
79 20 37
79 21 100
79 22 73
79 23 88
79 24 34
79 25 6
79 26 22
79 27 42
79 28 67
79 29 18
79 30 65
79 31 70
79 32 99
79 33 15
79 34 93
79 35 74
79 36 5
79 37 520
79 38 813
79 39 58
79 40 25
79 41 98
79 42 7
79 43 37
79 44 50
79 45 30
79 46 23
79 47 19
79 48 87
79 49 70
79 50 26
79 51 48
79 52 91
79 53 631
79 54 80
79 55 36
79 56 81
79 57 59
79 58 67
79 59 44
79 60 9
79 61 12
79 62 81
79 63 84
79 64 92
79 65 30
79 66 8
79 67 85
79 68 95
79 69 285
79 70 12
79 71 81
79 72 94
79 73 73
79 74 5
79 75 17
79 76 18
79 77 45
79 78 71
79 80 91
79 81 75
79 82 34
79 83 18
79 84 221
79 85 2
79 86 48
79 87 34
79 88 5
79 89 8
79 90 15
79 91 26
79 92 41
79 93 84
79 94 36
79 95 3
79 96 25
79 97 691
79 98 69
79 99 36
79 100 90
80 1 80
80 2 29
80 3 3
80 4 78
80 5 9
80 6 91
80 7 59
80 8 2
80 9 3
80 10 55
80 11 349
80 12 91
80 13 10
80 14 38
80 15 88
80 16 64
80 17 57
80 18 90
80 19 68
80 20 31
80 21 79
80 22 45
80 23 48
80 24 23
80 25 78
80 26 81
80 27 63
80 28 665
80 29 11
80 30 100
80 31 744
80 32 18
80 33 51
80 34 81
80 35 22
80 36 63
80 37 80
80 38 92
80 39 36
80 40 2
80 41 75
80 42 61
80 43 40
80 44 53
80 45 65
80 46 103
80 47 634
80 48 6
80 49 448
80 50 943
80 51 58
80 52 10
80 53 12
80 54 90
80 55 49
80 56 84
80 57 746
80 58 59
80 59 68
80 60 4
80 61 88
80 62 93
80 63 34
80 64 399
80 65 33
80 66 49
80 67 53
80 68 14
80 69 66
80 70 79
80 71 59
80 72 31
80 73 42
80 74 50
80 75 46
80 76 71
80 77 2
80 78 12
80 79 20
80 81 53
80 82 36
80 83 7
80 84 91
80 85 94
80 86 45
80 87 985
80 88 65
80 89 94
80 90 45
80 91 63
80 92 40
80 93 26
80 94 79
80 95 13
80 96 96
80 97 78
80 98 24
80 99 28
80 100 88
81 1 225
81 2 84
81 3 24
81 4 17
81 5 80
81 6 46
81 7 88
81 8 5
81 9 759
81 10 36
81 11 82
81 12 4
81 13 82
81 14 52
81 15 67
81 16 69
81 17 95
81 18 70
81 19 3
81 20 36
81 21 28
81 22 38
81 23 69
81 24 41
81 25 47
81 26 22
81 27 59
81 28 19
81 29 36
81 30 55
81 31 91
81 32 98
81 33 54
81 34 765
81 35 29
81 36 94
81 37 544
81 38 65
81 39 23
81 40 6
81 41 359
81 42 36
81 43 661
81 44 37
81 45 14
81 46 96
81 47 55
81 48 66
81 49 45
81 50 61
81 51 44
81 52 53
81 53 37
81 54 53
81 55 32
81 56 48
81 57 99
81 58 15
81 59 28
81 60 87
81 61 2251
81 62 33
81 63 69
81 64 33
81 65 68
81 66 780
81 67 29
81 68 63
81 69 11
81 70 36
81 71 6
81 72 9
81 73 74
81 74 90
81 75 29
81 76 923
81 77 67
81 78 15
81 79 54
81 80 7
81 82 7
81 83 60
81 84 30
81 85 90
81 86 925
81 87 7
81 88 18
81 89 80
81 90 58
81 91 32
81 92 37
81 93 9
81 94 488
81 95 26
81 96 66
81 97 1
81 98 41
81 99 72
81 100 55
82 1 54
82 2 58
82 3 27
82 4 366
82 5 23
82 6 47
82 7 49
82 8 67
82 9 19
82 10 177
82 11 59
82 12 33
82 13 75
82 14 74
82 15 74
82 16 752
82 17 56
82 18 48
82 19 55
82 20 63
82 21 85
82 22 69
82 23 64
82 24 62
82 25 47
82 26 69
82 27 14
82 28 102
82 29 66
82 30 56
82 31 73
82 32 60
82 33 36
82 34 14
82 35 14
82 36 39
82 37 96
82 38 5
82 39 56
82 40 52
82 41 29
82 42 58
82 43 45
82 44 64
82 45 30
82 46 11
82 47 21
82 48 61
82 49 77
82 50 79
82 51 91
82 52 57
82 53 39
82 54 23
82 55 11
82 56 74
82 57 78
82 58 48
82 59 53
82 60 69
82 61 11
82 62 54
82 63 24
82 64 10
82 65 45
82 66 87
82 67 813
82 68 68
82 69 86
82 70 59
82 71 86
82 72 94
82 73 63
82 74 11
82 75 29
82 76 17
82 77 78
82 78 11
82 79 50
82 80 547
82 81 88
82 83 89
82 84 48
82 85 71
82 86 72
82 87 70
82 88 42
82 89 91
82 90 98
82 91 36
82 92 94
82 93 82
82 94 731
82 95 78
82 96 21
82 97 22
82 98 45
82 99 66
82 100 2574
83 1 93
83 2 20
83 3 42
83 4 54
83 5 93
83 6 31
83 7 66
83 8 86
83 9 98
83 10 30
83 11 62
83 12 91
83 13 76
83 14 80
83 15 84
83 16 33
83 17 65
83 18 67
83 19 7
83 20 8
83 21 58
83 22 47
83 23 18
83 24 83
83 25 97
83 26 68
83 27 53
83 28 64
83 29 19
83 30 62
83 31 51
83 32 34
83 33 40
83 34 9
83 35 28
83 36 80
83 37 53
83 38 24
83 39 67
83 40 58
83 41 905
83 42 3
83 43 15
83 44 97
83 45 36
83 46 56
83 47 54
83 48 2
83 49 8
83 50 4
83 51 99
83 52 72
83 53 17
83 54 62
83 55 77
83 56 87
83 57 18
83 58 76
83 59 703
83 60 24
83 61 49
83 62 60
83 63 10
83 64 894
83 65 56
83 66 205
83 67 52
83 68 28
83 69 60
83 70 4
83 71 42
83 72 96
83 73 31
83 74 37
83 75 65
83 76 84
83 77 89
83 78 760
83 79 56
83 80 71
83 81 3
83 82 45
83 84 653
83 85 30
83 86 71
83 87 52
83 88 2
83 89 85
83 90 39
83 91 94
83 92 2
83 93 44
83 94 100
83 95 17
83 96 57
83 97 98
83 98 37
83 99 29
83 100 19
84 1 79
84 2 80
84 3 26
84 4 35
84 5 76
84 6 8
84 7 68
84 8 15
84 9 51
84 10 4
84 11 53
84 12 70
84 13 88
84 14 56
84 15 50
84 16 75
84 17 12
84 18 70
84 19 53
84 20 8
84 21 40
84 22 50
84 23 49
84 24 34
84 25 21
84 26 13
84 27 67
84 28 91
84 29 65
84 30 35
84 31 84
84 32 68
84 33 37
84 34 80
84 35 83
84 36 37
84 37 17
84 38 56
84 39 16
84 40 30
84 41 91
84 42 58
84 43 30
84 44 19
84 45 80
84 46 65
84 47 33
84 48 34
84 49 4
84 50 4
84 51 43
84 52 164
84 53 97
84 54 69
84 55 25
84 56 14
84 57 78
84 58 33
84 59 37
84 60 29
84 61 97
84 62 226
84 63 26
84 64 68
84 65 5
84 66 903
84 67 66
84 68 25
84 69 16
84 70 87
84 71 26
84 72 9
84 73 592
84 74 97
84 75 59
84 76 44
84 77 53
84 78 52
84 79 28
84 80 32
84 81 55
84 82 603
84 83 68
84 85 54
84 86 40
84 87 3
84 88 23
84 89 90
84 90 33
84 91 46
84 92 31
84 93 139
84 94 4
84 95 410
84 96 67
84 97 122
84 98 81
84 99 67
84 100 175
85 1 22
85 2 17
85 3 37
85 4 89
85 5 85
85 6 70
85 7 715
85 8 40
85 9 5
85 10 21
85 11 64
85 12 22
85 13 73
85 14 77
85 15 70
85 16 76
85 17 41
85 18 69
85 19 15
85 20 29
85 21 11
85 22 68
85 23 46
85 24 18
85 25 32
85 26 7
85 27 47
85 28 72
85 29 32
85 30 55
85 31 31
85 32 10
85 33 1
85 34 76
85 35 699
85 36 90
85 37 85
85 38 37
85 39 70
85 40 782
85 41 73
85 42 81
85 43 36
85 44 456
85 45 56
85 46 6
85 47 85
85 48 53
85 49 73
85 50 28
85 51 95
85 52 53
85 53 89
85 54 924
85 55 99
85 56 5
85 57 9
85 58 6
85 59 18
85 60 56
85 61 95
85 62 80
85 63 23
85 64 76
85 65 17
85 66 88
85 67 23
85 68 27
85 69 42
85 70 65
85 71 4
85 72 24
85 73 68
85 74 5
85 75 30
85 76 557
85 77 582
85 78 45
85 79 64
85 80 89
85 81 47
85 82 4
85 83 54
85 84 91
85 86 3
85 87 37
85 88 15
85 89 36
85 90 81
85 91 49
85 92 61
85 93 92
85 94 13
85 95 4
85 96 19
85 97 44
85 98 75
85 99 67
85 100 82
86 1 23
86 2 48
86 3 85
86 4 28
86 5 47
86 6 63
86 7 44
86 8 61
86 9 5
86 10 15
86 11 87
86 12 67
86 13 76
86 14 75
86 15 31
86 16 96
86 17 54
86 18 30
86 19 71
86 20 41
86 21 59
86 22 445
86 23 23
86 24 73
86 25 67
86 26 50
86 27 3
86 28 95
86 29 27
86 30 95
86 31 99
86 32 77
86 33 51
86 34 30
86 35 230
86 36 25
86 37 97
86 38 78
86 39 228
86 40 41
86 41 32
86 42 54
86 43 24
86 44 62
86 45 72
86 46 84
86 47 51
86 48 813
86 49 10
86 50 82
86 51 53
86 52 64
86 53 23
86 54 8
86 55 97
86 56 75
86 57 25
86 58 37
86 59 80
86 60 75
86 61 3
86 62 44
86 63 21
86 64 94
86 65 5
86 66 49
86 67 20
86 68 57
86 69 60
86 70 612
86 71 95
86 72 66
86 73 59
86 74 59
86 75 272
86 76 89
86 77 79
86 78 19
86 79 89
86 80 57
86 81 79
86 82 98
86 83 5
86 84 86
86 85 48
86 87 67
86 88 52
86 89 77
86 90 194
86 91 35
86 92 68
86 93 83
86 94 22
86 95 242
86 96 41
86 97 15
86 98 32
86 99 28
86 100 475
87 1 91
87 2 24
87 3 86
87 4 98
87 5 60
87 6 57
87 7 64
87 8 79
87 9 28
87 10 64
87 11 4
87 12 13
87 13 36
87 14 870
87 15 86
87 16 73
87 17 6
87 18 88
87 19 62
87 20 78
87 21 81
87 22 27
87 23 8
87 24 59
87 25 23
87 26 4
87 27 54
87 28 83
87 29 75
87 30 64
87 31 60
87 32 74
87 33 99
87 34 47
87 35 31
87 36 69
87 37 903
87 38 55
87 39 26
87 40 85
87 41 35
87 42 64
87 43 46
87 44 98
87 45 714
87 46 74
87 47 87
87 48 70
87 49 4
87 50 73
87 51 16
87 52 75
87 53 14
87 54 55
87 55 915
87 56 9
87 57 35
87 58 71
87 59 64
87 60 82
87 61 1
87 62 58
87 63 64
87 64 59
87 65 65
87 66 55
87 67 96
87 68 80
87 69 100
87 70 27
87 71 8
87 72 57
87 73 38
87 74 185
87 75 37
87 76 38
87 77 15
87 78 71
87 79 3210
87 80 70
87 81 63
87 82 87
87 83 66
87 84 72
87 85 99
87 86 44
87 88 16
87 89 84
87 90 1
87 91 83
87 92 69
87 93 53
87 94 65
87 95 23
87 96 868
87 97 8
87 98 48
87 99 91
87 100 80
88 1 73
88 2 58
88 3 37
88 4 48
88 5 62
88 6 18
88 7 36
88 8 12
88 9 43
88 10 98
88 11 21
88 12 16
88 13 77
88 14 73
88 15 93
88 16 26
88 17 34
88 18 19
88 19 69
88 20 3
88 21 20
88 22 36
88 23 73
88 24 70
88 25 40
88 26 44
88 27 73
88 28 13
88 29 116
88 30 65
88 31 46
88 32 81
88 33 889
88 34 9
88 35 49
88 36 37
88 37 39
88 38 30
88 39 6
88 40 73
88 41 66
88 42 64
88 43 34
88 44 75
88 45 9
88 46 7
88 47 89
88 48 1
88 49 352
88 50 724
88 51 3
88 52 48
88 53 51
88 54 12
88 55 40
88 56 81
88 57 32
88 58 31
88 59 23
88 60 51
88 61 82
88 62 93
88 63 11
88 64 4
88 65 32
88 66 87
88 67 3
88 68 40
88 69 94
88 70 85
88 71 56
88 72 14
88 73 343
88 74 86
88 75 99
88 76 89
88 77 42
88 78 20
88 79 56
88 80 22
88 81 90
88 82 33
88 83 86
88 84 67
88 85 1
88 86 22
88 87 40
88 89 100
88 90 955
88 91 30
88 92 97
88 93 52
88 94 21
88 95 33
88 96 98
88 97 26
88 98 55
88 99 64
88 100 46
89 1 96
89 2 49
89 3 32
89 4 27
89 5 33
89 6 98
89 7 5
89 8 32
89 9 70
89 10 4
89 11 88
89 12 38
89 13 79
89 14 20
89 15 99
89 16 79
89 17 55
89 18 18
89 19 2403
89 20 18
89 21 26
89 22 90
89 23 80
89 24 660
89 25 56
89 26 18
89 27 984
89 28 1
89 29 55
89 30 76
89 31 27
89 32 127
89 33 89
89 34 68
89 35 27
89 36 77
89 37 92
89 38 32
89 39 82
89 40 90
89 41 214
89 42 12
89 43 47
89 44 10
89 45 75
89 46 38
89 47 54
89 48 46
89 49 81
89 50 22
89 51 72
89 52 75
89 53 6386
89 54 15
89 55 49
89 56 78
89 57 31
89 58 42
89 59 470
89 60 20
89 61 18
89 62 280
89 63 84
89 64 519
89 65 65
89 66 81
89 67 22
89 68 39
89 69 5
89 70 55
89 71 56
89 72 23
89 73 42
89 74 47
89 75 3
89 76 456
89 77 427
89 78 22
89 79 595
89 80 44
89 81 12
89 82 99
89 83 30
89 84 35
89 85 10
89 86 92
89 87 41
89 88 82
89 90 658
89 91 454
89 92 632
89 93 41
89 94 28
89 95 98
89 96 9
89 97 19
89 98 17
89 99 20
89 100 62
90 1 47
90 2 91
90 3 90
90 4 24
90 5 30
90 6 89
90 7 36
90 8 39
90 9 82
90 10 363
90 11 45
90 12 75
90 13 90
90 14 15
90 15 39
90 16 70
90 17 56
90 18 80
90 19 86
90 20 11
90 21 869
90 22 14
90 23 19
90 24 87
90 25 63
90 26 59
90 27 23
90 28 86
90 29 68
90 30 56
90 31 54
90 32 69
90 33 47
90 34 71
90 35 58
90 36 14
90 37 71
90 38 44
90 39 86
90 40 95
90 41 79
90 42 782
90 43 751
90 44 67
90 45 4
90 46 61
90 47 45
90 48 61
90 49 88
90 50 44
90 51 90
90 52 99
90 53 879
90 54 67
90 55 85
90 56 31
90 57 4
90 58 29
90 59 44
90 60 95
90 61 85
90 62 39
90 63 34
90 64 63
90 65 99
90 66 82
90 67 87
90 68 18
90 69 16
90 70 70
90 71 93
90 72 96
90 73 66
90 74 42
90 75 53
90 76 87
90 77 51
90 78 582
90 79 33
90 80 75
90 81 49
90 82 791
90 83 39
90 84 85
90 85 49
90 86 998
90 87 95
90 88 83
90 89 783
90 91 32
90 92 65
90 93 156
90 94 16
90 95 45
90 96 9
90 97 27
90 98 39
90 99 95
90 100 94
91 1 39
91 2 96
91 3 8
91 4 84
91 5 62
91 6 66
91 7 3
91 8 446
91 9 62
91 10 87
91 11 34
91 12 789
91 13 8
91 14 94
91 15 12
91 16 58
91 17 96
91 18 33
91 19 14
91 20 829
91 21 65
91 22 27
91 23 32
91 24 41
91 25 805
91 26 28
91 27 2
91 28 63
91 29 74
91 30 11
91 31 18
91 32 39
91 33 30
91 34 395
91 35 88
91 36 20
91 37 41
91 38 45
91 39 95
91 40 11
91 41 2
91 42 61
91 43 90
91 44 90
91 45 20
91 46 19
91 47 32
91 48 747
91 49 5
91 50 49
91 51 72
91 52 32
91 53 51
91 54 74
91 55 24
91 56 8
91 57 353
91 58 45
91 59 26
91 60 7
91 61 44
91 62 63
91 63 32
91 64 33
91 65 51
91 66 25
91 67 97
91 68 97
91 69 77
91 70 10
91 71 52
91 72 7
91 73 89
91 74 39
91 75 4967
91 76 21
91 77 69
91 78 100
91 79 45
91 80 97
91 81 10
91 82 36
91 83 63
91 84 24
91 85 644
91 86 900
91 87 16
91 88 72
91 89 82
91 90 39
91 92 97
91 93 900
91 94 6
91 95 73
91 96 37
91 97 37
91 98 93
91 99 31
91 100 91
92 1 99
92 2 83
92 3 53
92 4 45
92 5 26
92 6 55
92 7 478
92 8 54
92 9 618
92 10 46
92 11 39
92 12 98
92 13 36
92 14 10
92 15 31
92 16 76
92 17 43
92 18 65
92 19 25
92 20 69
92 21 2
92 22 10
92 23 390
92 24 68
92 25 63
92 26 60
92 27 85
92 28 18
92 29 15
92 30 33
92 31 33
92 32 811
92 33 55
92 34 76
92 35 62
92 36 60
92 37 995
92 38 58
92 39 63
92 40 86
92 41 69
92 42 62
92 43 7
92 44 752
92 45 28
92 46 12
92 47 14
92 48 57
92 49 2
92 50 76
92 51 325
92 52 5
92 53 99
92 54 98
92 55 8
92 56 44
92 57 71
92 58 48
92 59 15
92 60 95
92 61 55
92 62 62
92 63 55
92 64 78
92 65 83
92 66 78
92 67 35
92 68 46
92 69 22
92 70 89
92 71 79
92 72 65
92 73 393
92 74 97
92 75 32
92 76 50
92 77 45
92 78 23
92 79 61
92 80 17
92 81 76
92 82 15
92 83 36
92 84 87
92 85 579
92 86 86
92 87 100
92 88 498
92 89 70
92 90 311
92 91 46
92 93 32
92 94 87
92 95 130
92 96 46
92 97 97
92 98 66
92 99 9
92 100 515
93 1 98
93 2 37
93 3 76
93 4 82
93 5 96
93 6 28
93 7 87
93 8 95
93 9 473
93 10 915
93 11 25
93 12 20
93 13 221
93 14 91
93 15 79
93 16 51
93 17 16
93 18 82
93 19 54
93 20 43
93 21 14
93 22 14
93 23 82
93 24 22
93 25 23
93 26 8
93 27 20
93 28 16
93 29 252
93 30 70
93 31 9
93 32 71
93 33 50
93 34 62
93 35 19
93 36 98
93 37 46
93 38 80
93 39 24
93 40 31
93 41 60
93 42 34
93 43 73
93 44 40
93 45 77
93 46 81
93 47 21
93 48 9
93 49 19
93 50 79
93 51 54
93 52 15
93 53 63
93 54 904
93 55 47
93 56 36
93 57 393
93 58 42
93 59 92
93 60 87
93 61 46
93 62 97
93 63 78
93 64 22
93 65 95
93 66 14
93 67 90
93 68 29
93 69 9126
93 70 91
93 71 60
93 72 6
93 73 11
93 74 99
93 75 66
93 76 72
93 77 60
93 78 96
93 79 4
93 80 6
93 81 50
93 82 77
93 83 37
93 84 82
93 85 105
93 86 53
93 87 83
93 88 17
93 89 59
93 90 7923
93 91 13
93 92 62
93 94 93
93 95 21
93 96 91
93 97 72
93 98 33
93 99 907
93 100 86
94 1 27
94 2 39
94 3 860
94 4 40
94 5 971
94 6 17
94 7 22
94 8 591
94 9 148
94 10 14
94 11 86
94 12 478
94 13 69
94 14 95
94 15 89
94 16 26
94 17 66
94 18 19
94 19 842
94 20 77
94 21 8
94 22 19
94 23 68
94 24 81
94 25 53
94 26 18
94 27 5
94 28 83
94 29 3
94 30 17
94 31 86
94 32 14
94 33 85
94 34 38
94 35 35
94 36 35
94 37 21
94 38 71
94 39 74
94 40 18
94 41 69
94 42 214
94 43 36
94 44 51
94 45 16
94 46 16
94 47 76
94 48 1
94 49 95
94 50 95
94 51 55
94 52 53
94 53 66
94 54 9
94 55 89
94 56 41
94 57 99
94 58 30
94 59 50
94 60 77
94 61 43
94 62 34
94 63 19
94 64 6
94 65 92
94 66 28
94 67 38
94 68 70
94 69 66
94 70 28
94 71 40
94 72 48
94 73 9
94 74 7
94 75 58
94 76 17
94 77 53
94 78 47
94 79 34
94 80 45
94 81 7
94 82 85
94 83 999
94 84 22
94 85 48
94 86 8
94 87 82
94 88 54
94 89 40
94 90 79
94 91 66
94 92 76
94 93 21
94 95 22
94 96 23
94 97 45
94 98 63
94 99 88
94 100 31
95 1 319
95 2 19
95 3 791
95 4 38
95 5 43
95 6 19
95 7 24
95 8 19
95 9 2
95 10 532
95 11 2
95 12 38
95 13 25
95 14 63
95 15 18
95 16 19
95 17 9
95 18 29
95 19 12
95 20 667
95 21 20
95 22 34
95 23 63
95 24 30
95 25 6
95 26 55
95 27 65
95 28 89
95 29 23
95 30 75
95 31 98
95 32 902
95 33 26
95 34 18
95 35 79
95 36 73
95 37 66
95 38 63
95 39 402
95 40 60
95 41 11
95 42 80
95 43 76
95 44 845
95 45 47
95 46 92
95 47 92
95 48 46
95 49 50
95 50 9
95 51 98
95 52 33
95 53 95
95 54 86
95 55 24
95 56 74
95 57 912
95 58 54
95 59 4
95 60 74
95 61 928
95 62 78
95 63 11
95 64 86
95 65 19
95 66 56
95 67 96
95 68 80
95 69 38
95 70 17
95 71 44
95 72 32
95 73 92
95 74 53
95 75 49
95 76 78
95 77 45
95 78 100
95 79 77
95 80 58
95 81 25
95 82 44
95 83 201
95 84 32
95 85 35
95 86 8
95 87 65
95 88 41
95 89 82
95 90 19
95 91 94
95 92 34
95 93 8
95 94 66
95 96 42
95 97 4
95 98 98
95 99 54
95 100 35
96 1 96
96 2 79
96 3 594
96 4 27
96 5 72
96 6 4018
96 7 49
96 8 84
96 9 64
96 10 41
96 11 83
96 12 27
96 13 40
96 14 97
96 15 63
96 16 74
96 17 92
96 18 78
96 19 69
96 20 58
96 21 23
96 22 30
96 23 94
96 24 58
96 25 86
96 26 31
96 27 60
96 28 1884
96 29 98
96 30 41
96 31 64
96 32 37
96 33 70
96 34 8
96 35 62
96 36 13
96 37 60
96 38 14
96 39 83
96 40 8
96 41 75
96 42 49
96 43 2
96 44 85
96 45 79
96 46 367
96 47 34
96 48 81
96 49 3
96 50 13
96 51 67
96 52 66
96 53 38
96 54 70
96 55 74
96 56 39
96 57 17
96 58 87
96 59 5
96 60 81
96 61 100
96 62 54
96 63 83
96 64 21
96 65 44
96 66 77
96 67 39
96 68 91
96 69 96
96 70 76
96 71 91
96 72 63
96 73 7
96 74 94
96 75 7
96 76 27
96 77 1
96 78 32
96 79 71
96 80 12
96 81 48
96 82 19
96 83 30
96 84 280
96 85 49
96 86 40
96 87 28
96 88 488
96 89 23
96 90 81
96 91 19
96 92 41
96 93 92
96 94 42
96 95 8
96 97 93
96 98 50
96 99 43
96 100 66
97 1 11
97 2 16
97 3 616
97 4 16
97 5 31
97 6 93
97 7 15
97 8 611
97 9 64
97 10 88
97 11 41
97 12 83
97 13 78
97 14 37
97 15 24
97 16 55
97 17 48
97 18 95
97 19 59
97 20 78
97 21 53
97 22 563
97 23 15
97 24 56
97 25 9
97 26 784
97 27 69
97 28 36
97 29 47
97 30 16
97 31 492
97 32 27
97 33 85
97 34 62
97 35 81
97 36 49
97 37 64
97 38 69
97 39 68
97 40 63
97 41 17
97 42 60
97 43 97
97 44 97
97 45 27
97 46 18
97 47 95
97 48 33
97 49 38
97 50 16
97 51 100
97 52 100
97 53 19
97 54 541
97 55 82
97 56 88
97 57 9
97 58 46
97 59 84
97 60 26
97 61 48
97 62 42
97 63 44
97 64 21
97 65 33
97 66 8
97 67 303
97 68 983
97 69 6
97 70 75
97 71 10
97 72 30
97 73 14
97 74 97
97 75 28
97 76 78
97 77 99
97 78 47
97 79 37
97 80 5
97 81 93
97 82 80
97 83 90
97 84 99
97 85 62
97 86 33
97 87 36
97 88 76
97 89 45
97 90 1
97 91 90
97 92 75
97 93 80
97 94 36
97 95 17
97 96 65
97 98 26
97 99 45
97 100 35
98 1 5
98 2 32
98 3 91
98 4 68
98 5 29
98 6 30
98 7 39
98 8 854
98 9 83
98 10 30
98 11 82
98 12 98
98 13 7
98 14 18
98 15 507
98 16 19
98 17 43
98 18 32
98 19 4
98 20 2
98 21 96
98 22 64
98 23 948
98 24 12
98 25 7
98 26 66
98 27 37
98 28 59
98 29 89
98 30 29
98 31 28
98 32 79
98 33 82
98 34 3
98 35 95
98 36 692
98 37 67
98 38 67
98 39 100
98 40 98
98 41 28
98 42 45
98 43 11
98 44 33
98 45 29
98 46 681
98 47 79
98 48 19
98 49 35
98 50 29
98 51 49
98 52 50
98 53 46
98 54 488
98 55 74
98 56 770
98 57 84
98 58 8
98 59 782
98 60 31
98 61 85
98 62 42
98 63 33
98 64 92
98 65 9
98 66 13
98 67 6
98 68 64
98 69 90
98 70 88
98 71 5
98 72 100
98 73 79
98 74 136
98 75 106
98 76 89
98 77 96
98 78 69
98 79 99
98 80 14
98 81 27
98 82 35
98 83 93
98 84 65
98 85 35
98 86 48
98 87 6
98 88 206
98 89 55
98 90 53
98 91 5
98 92 44
98 93 73
98 94 1
98 95 26
98 96 32
98 97 88
98 99 81
98 100 20
99 1 3
99 2 43
99 3 1
99 4 9
99 5 96
99 6 64
99 7 98
99 8 26
99 9 5
99 10 44
99 11 68
99 12 39
99 13 68
99 14 51
99 15 58
99 16 60
99 17 22
99 18 26
99 19 40
99 20 64
99 21 96
99 22 4
99 23 25
99 24 60
99 25 90
99 26 18
99 27 826
99 28 80
99 29 23
99 30 59
99 31 89
99 32 38
99 33 88
99 34 3
99 35 90
99 36 16
99 37 33
99 38 54
99 39 950
99 40 791
99 41 58
99 42 68
99 43 33
99 44 40
99 45 71
99 46 123
99 47 94
99 48 358
99 49 2
99 50 13
99 51 5
99 52 68
99 53 63
99 54 59
99 55 8
99 56 25
99 57 56
99 58 84
99 59 45
99 60 70
99 61 6
99 62 10
99 63 15
99 64 79
99 65 28
99 66 42
99 67 47
99 68 64
99 69 12
99 70 71
99 71 38
99 72 70
99 73 19
99 74 94
99 75 28
99 76 45
99 77 49
99 78 99
99 79 31
99 80 16
99 81 12
99 82 78
99 83 21
99 84 11
99 85 47
99 86 59
99 87 174
99 88 96
99 89 35
99 90 55
99 91 26
99 92 76
99 93 73
99 94 69
99 95 90
99 96 15
99 97 35
99 98 60
99 100 73
100 1 63
100 2 48
100 3 9
100 4 729
100 5 586
100 6 93
100 7 140
100 8 61
100 9 670
100 10 18
100 11 82
100 12 14
100 13 17
100 14 97
100 15 2
100 16 5
100 17 484
100 18 73
100 19 57
100 20 20
100 21 55
100 22 46
100 23 19
100 24 677
100 25 46
100 26 27
100 27 79
100 28 38
100 29 71
100 30 48
100 31 616
100 32 6
100 33 25
100 34 70
100 35 973
100 36 14
100 37 47
100 38 52
100 39 987
100 40 76
100 41 64
100 42 43
100 43 241
100 44 75
100 45 66
100 46 87
100 47 12
100 48 572
100 49 26
100 50 53
100 51 74
100 52 6
100 53 40
100 54 75
100 55 78
100 56 96
100 57 95
100 58 7941
100 59 95
100 60 332
100 61 68
100 62 57
100 63 63
100 64 76
100 65 33
100 66 43
100 67 36
100 68 91
100 69 5
100 70 61
100 71 186
100 72 79
100 73 95
100 74 28
100 75 55
100 76 92
100 77 222
100 78 26
100 79 80
100 80 97
100 81 79
100 82 53
100 83 97
100 84 23
100 85 18
100 86 87
100 87 36
100 88 85
100 89 13
100 90 57
100 91 15
100 92 16
100 93 14
100 94 4
100 95 24
100 96 59
100 97 52
100 98 59
100 99 17
1 100000
