100
4001400
4005540
4006800
4007520
4009824
4010160
4012800
4013100
4015440
4017600
4018560
4019400
4021920
4024800
4026960
4029480
4031040
4032000
4036032
4037040
4037880
4039200
4040400
4043520
4045860
4047120
4048380
4052160
4054050
4057200
4062240
4062960
4065600
4069800
4071600
4074840
4075920
4080384
4082400
4084080
4086720
4088700
4090320
4091472
4092480
4095000
4098600
4101300
4102560
4104000
4105920
4108104
4112640
4116420
4117680
4118400
4123350
4124736
4127760
4128960
4132800
4134240
4137120
4138200
4139520
4141200
4144140
4145400
4146912
4149600
4155840
4158000
4163040
4165560
4166400
4169880
4171860
4173120
4173840
4176900
4180176
4181760
4183200
4186080
4189500
4191264
4193280
4195800
4197600
4198320
4200768
4202100
4204200
4205520
4205533
4205549
4205569
4205581
4205587
4000000
