1000 996
46333 39057 52550 25945 79625 36655 58257 61874 47685 5126 81561 51436 48924 7962 55838 26156 96252 26936 86311 85801 67942 9144 36357 49445 1990 53883 47143 35229 97846 66360 8442 86365 67778 92460 22893 24877 29105 22077 52266 52851 72665 79983 87968 49149 23198 41845 60282 48782 69639 49731 67755 75743 18514 68012 56648 44250 63885 15995 68892 11357 68127 57090 33322 37891 38905 97590 52224 92394 52124 21405 24246 67737 81199 84977 30814 63280 65920 61321 4394 41730 47712 13503 96347 89448 1366 81058 50370 63312 3825 46309 81783 41387 10309 98522 77148 75566 77687 83474 71908 98950 92768 87904 36674 73800 8460 76950 26719 89589 85194 65300 50824 24867 22077 19909 7006 78996 62395 72765 75925 66642 24740 63695 76243 87295 78529 33387 88764 89764 40760 92752 2544 95783 23910 16869 45121 37278 75396 45552 97984 553 19883 3537 60584 70321 83927 66076 75543 83666 17791 1921 15797 89221 9098 31337 10752 39170 96591 91697 71651 34890 13177 88093 51192 55794 83738 26899 44028 27764 1748 38984 57148 43888 73543 95615 54794 38894 44566 36635 39995 71310 27684 31128 17517 59843 16505 90178 1076 7994 76049 13479 79773 25277 8725 82231 8323 87176 40726 12963 21038 25343 99337 70820 53858 43070 83865 57241 96479 76111 84538 8837 55229 28189 38193 92628 18248 78369 7379 93802 98993 7965 36267 82593 63975 11013 73945 29603 48111 22285 77881 22332 81118 95944 33998 50756 34652 2070 56333 93528 415 97559 40416 8931 11472 836 1780 89902 17041 32300 15113 76592 94972 47571 84721 30111 12995 84853 25842 10265 78586 58680 29373 26839 51156 46792 32899 48446 28966 84343 11139 67299 10797 7827 10314 78712 31920 15316 12998 78913 5320 20871 62566 32779 36107 16613 34026 18475 84385 86764 74812 43920 17196 71438 39969 10136 78127 49630 45462 97299 82540 77403 33622 43103 70900 18579 42858 49140 38545 60727 89486 71138 23112 99974 3298 63891 64827 64629 29386 94651 35163 45822 10316 7399 90031 16069 99891 42336 94068 53321 46824 22525 40321 44826 23992 79754 54605 97925 12262 95266 2640 12663 37403 23722 93740 20807 88654 21879 29587 40863 46860 40093 68113 75409 51591 2388 13621 72194 26525 88895 2571 46080 13433 67343 33802 74095 86178 49054 97837 20529 4021 10429 56364 59854 43434 32337 23034 20588 61279 74133 1312 15226 76587 97437 51925 67112 22951 89892 33756 51002 69770 58298 69583 47685 58654 38677 79621 10801 46327 516 76741 33814 46954 86748 17746 90220 76803 44270 1812 77683 69523 28229 29649 21572 39469 94918 66554 25810 38567 87123 63343 59777 9069 35230 76253 24437 60499 12904 37440 71995 97008 69391 96622 37776 64350 71081 91931 6954 48221 83666 94412 28984 11299 10315 48140 16379 61741 74042 31499 30809 68047 18471 37792 2148 85749 94449 14055 7472 29766 87635 745 96774 38316 6713 7426 59066 41173 5646 78273 14388 89667 32020 88773 64896 52357 81087 53451 75706 96134 56197 99174 7989 81551 11624 49565 17115 82824 93311 26252 78188 47510 28693 25713 46882 21735 96116 30110 44009 3892 54677 95189 26504 224 96957 87676 31703 98344 1379 1606 71124 62909 69987 1385 61247 92062 41341 97145 70828 16093 70498 56314 95542 26776 24294 15092 21220 16515 52097 30892 88252 39562 64531 37397 38678 24973 16937 88716 56572 21364 3569 25097 96176 29640 40249 61699 61183 40004 92533 12287 66261 76863 95586 74831 42451 26319 53782 98151 42437 42793 3563 47535 31993 93899 18778 31120 34212 36854 54993 17293 54606 7273 5971 62648 72112 74620 27435 16492 83004 79772 63850 35711 6289 63600 42920 12303 21214 62669 13079 2677 58491 42731 87700 81953 29310 45332 35426 14534 44377 2463 56883 56402 14282 20798 78981 5065 79306 63297 15206 33194 22504 89938 20515 66958 10759 15380 11959 67170 67401 68658 82140 34658 95158 14681 86015 42894 93030 90094 33062 45607 34314 51724 6478 10513 73086 7172 15743 67207 50213 42760 79915 76537 79246 72466 3408 23065 45542 88109 41761 21827 8077 10523 31933 29930 87733 86851 90726 47138 90212 20283 97618 22285 99889 83938 95482 95715 22943 82424 33569 84858 65805 77430 72528 37385 67798 73850 43560 15217 97597 24744 16277 27772 43029 37598 75428 85198 473 14908 10274 74802 20021 60687 88011 68382 93418 19383 51099 89072 10043 97188 13535 22156 16691 72810 97998 68732 38792 26310 69524 89933 75393 10770 5175 65530 68444 46746 47102 86206 98659 71368 73672 58246 60156 63588 25679 70372 24049 37316 43348 61988 31453 7783 55794 74755 83806 9334 93370 33893 36473 67054 42705 43702 12118 84785 48141 46166 14303 91216 69611 99428 72351 48710 75874 80694 77110 37820 33715 18177 71599 47997 73241 48780 98144 33587 19156 21945 81766 15008 83744 91092 53537 55327 30882 31716 22999 89627 36884 62765 97285 81852 93901 88220 6282 21491 11930 95943 91462 64324 34852 36410 6725 37375 22841 16417 32084 86543 20504 83137 33328 21480 71405 96125 97487 7383 72100 65580 87552 56789 79867 39143 52669 50678 14705 67796 87611 95450 53445 97658 17198 76929 10424 81387 9721 61570 11429 24109 85406 57980 64908 45284 34178 35638 1164 84379 62087 60712 97975 89751 86767 58914 6124 63273 71787 60113 60562 54244 49060 89743 27610 66429 28664 21249 48508 52560 88649 83901 96333 55173 11892 53944 52813 91525 29946 18801 69957 84611 96859 90673 83948 78715 52395 87733 71047 99275 31719 71857 21331 57073 38759 7604 57086 27557 35961 95909 39337 32989 24096 8705 30057 82487 806 89721 49215 56387 72215 71293 95692 58529 55559 87392 18927 84952 17889 40229 82903 91238 75873 35452 90275 18796 14709 55237 76609 26947 59992 21627 92333 68703 28606 99356 87880 80890 29891 38530 16144 89778 15089 9294 39167 40551 96545 89465 8019 23454 19537 91697 62338 82896 6662 7524 63130 79334 88124 72615 69193 92312 52180 94546 75715 20 81897 23866 66414 54648 29873 8194 13930 72056 45231 16203 5517 92676 13307 39511 38980 3469 20727 91125 90310 49892 46759 49539 84584 17459 21004 20178 84961 89976 30737 59164 28055 89043 87396 49042 22714 60267 17856 24563 66820 18196 80859 54079 59125 8308 28746 351 74340 51793 43304 56458 36515 2116 71407
371 249
30 109
349 926
104 685
690 100
111 633
902 156
338 746
544 68
519 152
146 527
615 794
615 105
308 321
649 260
941 516
251 979
400 569
624 312
834 147
173 842
981 817
579 163
830 277
613 239
383 756
499 595
707 268
169 560
540 311
593 658
410 109
740 741
689 487
916 962
658 908
894 537
762 189
34 101
703 154
772 631
758 147
782 374
979 916
313 735
853 881
852 853
615 596
810 787
602 854
754 976
954 225
450 708
61 57
784 367
695 514
883 375
442 75
61 334
972 613
632 182
72 116
327 201
262 539
627 182
958 453
854 639
643 662
562 676
900 839
860 625
13 723
438 888
536 754
792 809
273 522
413 576
397 175
194 950
186 986
936 891
873 390
679 732
989 808
535 793
716 654
303 289
207 79
5 653
684 146
426 750
735 793
957 958
292 622
293 749
914 906
570 667
562 85
201 464
219 731
98 393
355 51
328 192
207 661
927 452
624 421
921 112
180 351
308 590
678 181
776 769
261 612
978 109
954 910
24 922
116 977
751 966
958 601
196 600
705 416
676 749
609 684
271 57
383 666
75 560
708 829
605 586
295 995
879 694
344 896
667 603
478 848
935 284
130 73
539 20
323 86
438 100
921 313
553 72
187 712
474 892
951 717
279 463
631 349
138 664
62 523
709 697
562 77
129 608
407 763
622 445
360 908
208 576
159 59
265 362
406 402
244 370
147 818
220 949
803 700
402 560
203 97
622 475
342 652
102 912
78 75
569 27
98 402
562 697
6 452
19 767
92 998
972 413
890 878
750 968
898 660
199 96
133 460
149 466
990 608
535 232
761 519
44 531
831 905
350 822
45 17
263 993
453 731
159 599
385 907
82 434
79 944
236 336
644 406
600 590
503 778
871 518
393 26
221 697
987 118
270 880
772 849
197 825
601 480
93 306
163 96
110 908
446 682
835 34
57 499
861 977
657 582
820 701
831 443
78 460
674 108
133 284
891 437
119 781
498 270
970 910
249 400
421 396
112 259
197 141
314 166
9 551
729 341
425 338
360 224
438 951
405 812
992 208
787 888
541 912
320 233
429 271
986 662
384 12
417 215
306 297
176 327
679 604
689 36
920 467
258 789
430 115
404 195
419 469
292 560
91 259
347 500
123 876
255 287
666 728
911 509
760 806
319 420
286 359
896 364
696 120
677 88
147 243
244 307
572 986
953 331
37 585
872 503
127 977
363 704
209 423
515 167
499 19
104 296
951 871
502 576
227 97
68 814
590 662
465 82
328 488
926 399
88 885
554 753
734 222
837 700
55 507
370 918
265 664
331 712
568 288
986 664
135 623
776 52
684 918
312 721
397 961
38 105
428 760
191 102
498 864
427 397
915 630
940 670
947 323
950 597
457 184
306 730
617 21
289 299
922 708
541 284
10 455
249 38
678 318
865 150
524 907
828 392
827 240
498 481
762 345
269 107
81 498
901 697
944 773
861 774
601 85
322 453
689 183
828 165
722 967
209 66
960 416
11 2
61 55
621 159
266 716
287 349
578 521
977 142
641 678
742 304
489 787
766 50
785 565
696 881
173 831
447 729
207 720
217 538
542 321
258 991
694 626
159 448
879 868
95 731
784 762
695 605
312 962
258 243
502 888
770 968
475 955
64 9
685 407
295 611
132 526
624 495
518 919
598 105
252 898
237 196
512 172
1000 440
260 790
492 799
554 334
701 283
725 681
881 280
425 801
913 429
433 117
6 345
945 940
364 856
895 7
787 518
707 141
883 763
773 330
246 212
186 179
753 20
6 862
998 864
955 769
20 403
484 665
980 110
831 745
386 425
508 53
46 216
109 761
835 185
582 845
961 782
993 543
335 837
526 778
876 130
638 129
276 742
559 359
607 590
833 476
998 701
729 159
822 993
204 977
405 796
43 699
498 451
883 713
97 339
1000 355
701 847
633 984
194 705
896 786
618 258
181 716
660 844
970 375
600 688
59 552
320 401
408 470
255 119
546 173
303 215
129 517
374 188
302 770
311 48
792 938
664 916
193 416
826 194
613 60
718 634
354 383
941 489
34 609
812 400
958 121
385 6
404 348
410 251
503 542
551 102
693 358
494 592
446 988
850 787
474 524
98 623
56 29
308 641
515 666
966 869
212 653
110 55
296 894
21 559
859 137
351 537
290 928
719 928
951 532
296 219
968 59
994 714
605 769
332 912
881 661
463 407
320 325
546 853
461 249
823 801
860 46
739 964
260 255
78 995
474 611
538 876
547 891
220 637
686 809
49 379
273 436
397 690
721 35
937 369
125 518
402 385
635 175
47 144
612 865
515 712
949 998
572 531
360 54
563 90
646 379
899 976
685 673
197 622
599 324
149 353
189 339
649 921
589 144
658 349
869 684
62 617
872 962
91 214
448 726
570 172
84 36
78 892
348 332
869 658
411 443
805 338
284 242
346 129
986 325
94 82
640 565
767 472
784 831
505 512
698 984
933 818
590 280
232 302
170 436
9 341
906 722
147 99
341 625
616 311
359 447
382 222
639 760
457 89
949 335
593 530
875 516
560 364
449 574
954 867
664 101
416 164
997 915
269 25
211 775
736 182
619 203
549 706
472 515
314 473
530 446
822 504
594 248
174 453
246 985
870 115
394 358
691 817
251 413
537 716
710 153
520 371
144 328
973 275
432 694
458 302
751 219
714 733
542 821
30 335
681 32
634 576
675 606
613 62
851 673
160 356
521 425
990 471
140 103
75 800
2 217
644 7
832 527
28 482
602 724
166 385
942 309
402 997
313 180
545 705
47 913
176 569
296 59
822 488
48 511
531 154
349 573
967 699
384 696
614 607
263 313
198 680
781 180
215 875
873 626
747 452
289 42
150 598
139 910
143 659
179 992
399 143
351 684
334 147
202 491
452 150
684 715
36 74
344 981
6 722
142 440
405 831
761 288
81 578
287 938
562 726
644 482
513 64
774 928
520 598
979 34
294 987
174 367
235 717
279 296
339 659
195 721
132 281
482 326
345 188
841 681
842 566
533 699
462 216
711 235
956 689
177 474
281 968
311 217
23 546
902 800
77 391
907 262
407 688
332 244
352 547
581 261
692 887
767 254
698 150
606 97
201 818
440 211
597 463
8 874
312 289
24 829
197 575
134 111
134 861
99 467
346 231
514 11
150 770
266 761
109 131
351 601
599 222
976 419
484 984
199 138
67 792
19 656
716 836
158 904
1 439
223 805
591 662
425 362
302 215
9 606
676 521
133 513
864 564
913 428
630 530
962 271
30 272
759 603
540 628
490 845
739 553
369 114
13 795
507 35
432 384
438 560
533 427
805 558
514 168
192 659
21 382
85 151
36 899
818 130
947 933
16 56
487 402
466 49
53 165
271 963
865 977
276 749
304 287
425 269
532 591
831 837
647 48
319 286
996 327
498 649
261 395
927 145
899 216
599 340
457 604
6 2
520 433
494 234
948 510
227 715
844 432
350 297
716 207
901 376
281 412
480 545
333 214
356 306
124 10
390 903
667 517
777 781
441 890
547 574
880 592
112 34
681 657
109 593
652 891
677 79
57 880
601 272
608 200
588 433
84 128
666 475
792 250
246 272
546 897
48 657
36 727
726 406
631 705
503 206
183 785
777 23
952 6
39 19
135 614
726 919
257 203
889 58
862 188
166 501
180 608
936 248
139 425
11 93
292 831
406 722
344 425
563 678
246 907
111 141
412 722
48 174
682 225
671 19
440 262
455 460
831 798
345 137
114 466
685 681
442 470
559 806
796 737
102 294
617 853
730 874
537 235
199 756
320 3
734 300
199 890
40 28
979 893
970 36
380 643
48 404
167 590
80 570
317 213
707 149
528 167
513 821
905 505
915 573
201 712
293 864
965 277
235 610
176 992
119 938
516 831
853 260
510 428
624 347
491 498
83 761
12 731
958 334
835 987
884 285
86 158
938 375
250 967
800 37
888 222
205 674
984 256
128 313
853 468
261 705
762 652
609 342
174 483
830 589
72 883
290 431
753 236
603 542
195 94
601 180
637 810
675 564
943 302
777 954
123 51
89 425
810 607
111 827
203 423
750 859
18 967
456 994
672 588
623 601
602 936
702 467
260 383
803 158
797 42
739 112
206 273
62 180
619 41
113 732
627 883
69 553
397 284
865 541
819 243
959 476
969 958
789 42
751 970
664 140
848 694
432 921
99 755
140 927
761 226
133 811
804 632
378 122
607 153
585 862
597 266
972 107
670 527
774 6
244 183
944 32
110 12
586 530
95 943
444 737
825 43
345 2
307 617
928 841
536 849
828 460
14 298
739 773
397 407
765 587
96 619
280 965
824 438
316 580
311 284
447 516
961 113
862 269
810 566
254 269
588 210
661 737
890 416
153 893
178 286
256 962
955 619
940 760
970 759
858 524
541 853
260 511
789 4
282 392
950 296
431 61
723 931
566 742
94 998
466 274
543 413
979 750
16 874
513 479
896 658
934 316
74 385
60 519
20 502
706 586
555 830
800 483 945 724 288 725 859 943 495 206 23 554 899 283 608 67 644 984 653 344 584 145 320 267 486 934 64 762 279 418 535 889 707 986 282 83 885 221 3 336 839 544 190 261 228 995 457 542 170 568 893 465 348 638 168 194 607 105 850 27 466 155 518 520 913 403 381 811 154 874 36 330 197 971 713 670 553 920 467 160 962 353 115 540 421 639 961 165 701 286 887 284 632 852 95 130 576 85 479 200 517 983 498 152 402 880 764 865 247 205 922 656 433 684 55 43 187 311 340 828 610 994 38 33 48 966 578 413 93 561 516 86 21 394 928 52 420 878 938 954 739 401 80 855 747 960 234 700 940 848 72 386 472 693 663 461 398 210 642 248 894 377 680 734 89 366 462 429 352 456 490 951 545 427 81 830 875 646 863 595 10 243 861 721 287 446 125 195 8 618 972 581 735 278 709 66 338 909 629 782 927 226 164 552 779 496 375 616 877 587 904 602 335 965 853 719 508 788 744 82 786 42 179 891 227 41 274 254 218 351 902 223 840 434 408 237 557 17 73 651 558 376 436 816 285 78 220 250 88 443 884 263 654 382 876 392 667 772 551 293 731 128 673 768 682 441 787 819 213 290 482 550 931 305 625 100 844 315 96 447 75 592 409 697 523 925 895 842 785 208 617 463 368 588 737 131 579 926 98 504 101 245 531 144 49 90 668 507 364 61 312 930 59 583 570 71 229 841 611 127 901 428 212 660 548 174 562 757 845 489 201 265 774 963 883 7 529 497 688 538 45 799 650 474 438 856 215 270 16 521 594 807 818 823 426 116 430 524 183 765 180 363 471 134 690 704 867 822 281 695 186 662 881 1000 919 591 674 975 896 307 703 958 705 513 988 163 112 635 178 834 967 801 539 124 362 268 717 917 790 991 299 793 597 658 389 303 702 501 488 91 613 936 989 327 534 314 440 969 176 547 492 817 820 527 175 177 511 20 419 921 838 172 119 869 815 4 271 241 729 272 847 862 372 937 694 711 727 214 944 573 219 898 835 687 477 566 821 266 269 541 813 726 387 950 802 291 910 360 906 832 749 974 980 643 97 640 470 767 964 149 359 596 637 385 122 308 996 480 473 235 143 395 25 691 655 129 672 946 65 423 745 40 460 449 941 203 406 107 104 114 357 515 346 582 992 32 778 666 236 627 510 22 806 171 771 796 431 373 905 459 442 797 147 478 935 166 708 50 955 812 733 47 870 445 626 34 766 231 699 641 412 211 866 167 953 622 437 696 407 824 244 455 509 422 689 973 776 753 121 671 349 780 559 502 957 326 968 380 636 173 628 259 296 481 985 258 11 132 136 999 369 14 137 355 225 181 740 716 775 148 791 543 325 720 773 342 675 60 391 623 503 952 92 491 886 560 126 633 736 750 209 599 354 949 769 156 743 803 751 659 956 5 732 108 196 918 908 361 251 683 505 350 586 339 239 760 301 915 567 475 932 519 157 846 758 162 150 864 783 113 678 77 979 798 741 57 28 337 805 612 253 191 309 51 487 322 453 189 111 216 318 321 536 358 202 577 384 70 900 390 871 39 712 476 400 468 192 2 469 897 252 589 120 439 140 158 454 230 916 860 679 634 854 260 585 959 833 87 184 26 313 19 302 217 310 851 153 484 600 528 763 563 742 44 405 102 444 738 526 99 334 345 341 619 103 494 532 857 836 730 912 710 993 13 411 685 6 207 294 84 139 631 370 324 777 328 76 56 722 435 74 564 62 879 784 692 892 232 624 514 135 452 224 706 256 12 569 450 686 676 718 68 890 396 451 648 831 981 404 512 246 770 79 238 620 537 425 110 118 9 298 808 903 432 379 30 29 809 333 549 146 657 106 826 367 976 555 929 371 292 193 647 280 615 69 374 948 677 347 255 249 410 18 133 329 947 630 37 185 415 924 522 458 746 499 159 46 31 987 343 388 533 525 614 257 331 109 997 58 792 911 24 1 304 204 645 714 182 781 94 575 804 601 417 378 837 53 977 795 264 141 858 827 843 755 873 323 664 759 365 448 300 574 316 982 572 698 199 728 546 464 603 923 142 942 161 169 907 605 669 240 978 222 882 681 332 117 500 399 138 242 970 814 262 580 593 297 565 54 621 493 393 63 188 530 810 756 868 273 939 277 661 123 295 872 825 748 752 789 319 723 15 590 761 317 198 598 933 715 571 914 604 233 794 414 275 485 397 998 829 424 416 665 652 649 383 356 990 556 888 289 506 151 276 754 849 609 306 606 35
