1
88 100 1
88 53
1 53
1 85
37 85
65 37
24 65
29 24
45 29
45 42
1 45
35 76
79 23
30 69
9 33
29 83
57 16
69 73
29 58
78 12
73 5
6 61
58 45
4 76
60 82
62 16
22 47
59 81
25 85
81 30
60 6
25 87
43 19
14 4
43 6
42 20
55 32
88 15
31 13
75 84
75 3
54 85
68 86
4 87
19 1
9 40
27 84
71 50
29 33
67 63
11 69
32 8
9 58
37 24
56 5
69 64
52 57
37 41
78 74
10 53
43 51
9 86
75 65
5 13
51 69
45 76
83 14
51 20
25 44
38 9
44 78
16 9
49 53
33 88
57 71
42 47
33 62
11 64
66 46
38 28
31 82
9 54
1 39
16 77
30 23
17 37
61 40
38 70
36 18
22 4
35 85
84 85
70 25
7 63
47 75
25 7
81 39
64 51
46 40
63 49
58 10
88 42
